-0.5638803863036048  0.22838457755855718  216.2
0.06966324954443479  0.03244099113039634  241.0
-0.5452950910732369  0.2686114065596638  374.2
0.00240218101876447  0.1356960314722403  385.8
-0.16081969767382817  0.0943569399166603  256.0
-0.5452950910732369  0.21355441018520735  244.5
0.07585834796117519  0.02984571184015709  231.6
-0.5325256025128192  0.2382095634433612  372.9
0.008850140595547293  0.10325504034084677  382.2
-0.1508316818597382  0.07637536197531151  257.9
-0.5540188010794636  0.18964076529395205  286.6
0.06549104040661004  0.015015544465725091  249.5
-0.5098945287260221  0.21373978727703968  358.5
-0.01807957293082909  0.08972251261235992  420.8
-0.16486547623140727  0.07118480339454705  280.7
-0.5624896499258986  0.1963143406116076  296.9
-0.5198825445315691  0.20891998288025942  371.2
-0.16587692087080663  0.08490270821565479  274.3
-0.5195032527921315  0.20929073706497658  371.5
-0.013780933213007383  0.12735406232394633  429.7
-0.5732362492081827  0.24265861365684763  278.5
0.07472047274176738  -0.007785837871334185  242.6
-0.4915620946515282  0.18889925692600482  351.7
-0.012390196833710825  0.024469776166548426  394.4
-0.15702678027610534  0.03132872857682958  266.1
-0.5445365075944038  0.15404836359592947  257.0
-0.014539516692637314  0.0066735753181343905  182.9
-0.49990651292005495  0.14922855920008107  370.5
-0.005057223197425752  -0.018166955033251105  375.4
-0.1543717380976717  0.01909384049331093  249.8
-0.5407435902002945  0.1521945926756364  257.2
-0.014539516692637314  0.0066735753181343905  182.9
-0.49952722118059  0.14959931338434682  369.8
-0.005183653777359125  -0.017425446664212984  376.4
-0.15449816867756427  0.020391480138244402  250.7
