-695.7474809911955  182.22568160645724  482.8
-36.91772934127339  7.2297065943805  291.5
-13.275210893274169  7.044329502298458  454.5
-288.13529164620877  114.37766587163034  429.3
-326.44375735402014  116.4168138859271  221.8
-723.3093473681339  181.8549274224959  462.9
-1.0114446394670844  -16.683938295882626  267.5
-5.057223197425752  7.785837871334185  459.9
-243.12600520019464  101.40126941943477  432.3
-273.469344377728  82.12205183383337  240.0
-689.6788131645784  175.9228604731832  471.1
12.390196833740983  -2.780656383705301  272.8
11.125891034377588  13.90328191252315  456.9
-227.06932155146495  103.06966324909433  408.8
-268.15926002178344  104.92343417051418  213.6
-689.1730908456655  174.62522082847264  465.9
13.275210893334487  0.5561312762457775  274.1
6.321528996819781  12.605642267946862  456.8
-233.13798938725083  98.43523594434434  422.1
-263.3548979853951  104.92343417051418  214.9
-690.6902578023705  174.25446664381616  468.8
10.873029874541082  0.5561312762457775  268.6
9.608724075177536  10.38111716119132  454.8
-229.21864140996672  97.69372757557505  401.8
-260.06770290783345  103.06966324909433  216.3
-693.2188693967836  175.18135210457413  471.2
13.78093321303754  4.263673120007174  267.9
12.137335673874345  6.67357531813439  457.1
-217.3341668980845  107.70409055283757  403.8
-256.4012160905702  104.92343417051418  215.6
-693.0924388170653  174.439843736675  472.3
-3.6664868181284445  10.010362977734516  268.4
11.758043934074381  3.707541842700005  457.2
-296.10041817978737  30.216466024325054  576.7
-254.50475739194707  105.85031963069677  214.5
-693.0924388170653  171.65918735300585  470.0
-1.8964586990309356  6.488198226052368  266.9
12.643057993607615  12.23488808307478  460.0
-212.782666021107  96.95221920751467  393.4
-258.1712442092531  99.36212140521936  213.8
-694.2303140345581  170.17617061652456  471.8
12.643057993607615  6.117444042242097  265.4
8.217987695850367  14.27403609774919  458.9
-226.05787691215144  83.9758227551638  775.1
-219.86277849638492  83.6050685699066  216.4
-694.8624669331458  169.24928515543255  473.0
9.482293495214034  5.746689858078084  261.0
5.815806677056145  12.049510990992522  458.9
-214.0469718202672  97.50835048382517  407.5
-230.3565166292149  110.2993698430717  224.4
-698.5289537450062  168.32239969328276  472.0
-5.5629455171592435  4.819804396960614  258.5
4.4250702977588725  11.493379714745796  459.4
-236.29875388505968  78.78526417432396  711.4
-230.3565166292149  108.63097601373445  224.8
-699.1611066435805  171.47381026085677  473.1
3.1607644984250824  10.751871346416962  259.8
2.40218101876447  10.38111716119132  459.9
-282.193054390899  50.422569070865606  913.1
-233.01155880737193  108.81635310619713  225.1
-696.6324950492415  169.80541643222884  473.7
3.9193479780253626  8.341969147580405  260.4
2.0228892789944797  11.493379714745796  460.4
-305.2034199322598  60.61830914106595  819.0
-234.9080175060355  109.92861565849871  221.2
-693.8510222953744  165.72712040395191  467.3
5.942237257019674  7.785837871334185  260.3
7.712265376116939  16.127807019281253  457.4
-278.40013699386157  54.500865098575034  865.3
-238.0687820038048  111.04087821257247  219.7
-693.7245917156563  171.2884331694153  467.5
0.7585834796304726  5.005181489042594  260.9
5.689376097152932  12.976396451757697  456.5
-281.5609014914099  58.02302985109903  855.0
-240.09167128235995  112.33851785734524  220.6
-691.5752718604083  172.21531862910027  470.2
6.574390156686515  6.488198226052368  263.7
11.631613354110897  14.459413189477827  457.7
-221.6328066151772  97.13759629997185  403.7
-241.35597708146466  113.82153459494165  225.0
-691.4488412806586  170.36154770796517  469.6
9.735154655080722  4.6344273048786375  262.9
9.988015814947406  17.05469248004778  456.5
-224.5407099531932  96.58146502295433  423.5
-251.34399289426773  113.4507804103651  221.5
-698.7818149044361  173.32758118306185  467.1
1.2643057993941724  -10.195740069816674  267.6
6.574390156686515  8.341969147580405  455.1
-269.67642698059575  79.34139545061254  430.0
-272.4578997384974  91.02015225706386  230.0
-698.7818149044361  173.51295827591997  466.8
3.4136256582616844  -10.937248438499159  269.2
6.4479595767531475  8.527346240016255  454.9
-269.67642698059575  79.15601835816251  421.3
-272.33146915856713  90.64939807286235  229.8
-692.7131470779094  176.2936146581961  471.8
14.539516692667478  -9.824985885298604  230.5
15.803822492030463  6.3028211332628254  459.4
-298.1233074580895  88.05411878275277  437.9
-302.04265543489606  44.119747937076404  133.3
-693.0924388170653  176.84974593359405  471.9
6.700820736650039  -7.971214963770013  241.8
15.550961332163912  6.67357531813439  459.6
-298.24973803801333  87.86874169065317  438.1
-301.9162248550034  44.67587921368944  133.3
-704.9769133104915  158.1266596236627  463.9
49.56078733482931  -31.884859854497247  266.6
5.310084357352817  6.117444042242097  451.6
-260.19413348776663  59.87680077235135  426.4
-260.19413348776663  72.29706594781659  246.4
-671.0935179443993  164.42948075858934  459.7
26.80328294642807  -22.801382337445855  249.1
2.40218101876447  8.898100424180454  450.3
-266.1363707432999  74.8923452381979  425.1
-278.40013699386157  93.24467736298696  258.7
