34.404356666666665 -89.57551833333333 98.0 10.094630596170974 -13.903281913938194 -0.7999999999999972 0.025146
34.40423166666667 -89.57557166666666 99.2 5.200264247326228 -27.806563826527523 0.4000000000000057 0.0765
34.404149999999994 -89.57572666666668 96.3 -9.023987960243524 -36.89004134325855 -2.5 0.10773
34.404181666666666 -89.57586166666667 99.9 -21.41285278276016 -33.367876591879615 1.1000000000000085 0.12285
34.40430333333334 -89.575965 100.5 -30.89568758546245 -19.835348862349615 1.7000000000000028 0.10942
34.40445666666667 -89.57589333333333 97.6 -24.318882802567213 -2.7806563829977784 -1.2000000000000028 0.19725
34.404514999999996 -89.57577500000001 98.5 -13.459507464284975 3.7075418423462434 -0.29999999999999716 0.020667
34.404385000000005 -89.57581499999999 98.1 -17.13028222504198 -10.75187134570944 -0.7000000000000028 0.061146
34.40448166666667 -89.57562833333334 98.8 -1.1675099855750997E-9 0.0 0.0 0.0
34.404356666666665 -89.57551833333333 98.0 10.094630596170974 -13.903281913938194 -0.7999999999999972 0.025229
34.40423 -89.57557166666666 99.2 5.200264247326228 -27.991940918611224 0.4000000000000057 0.076438
34.404149999999994 -89.57572499999999 96.3 -8.871039009251717 -36.89004134325855 -2.5 0.10765
34.404181666666666 -89.57586166666667 99.9 -21.41285278276016 -33.367876591879615 1.1000000000000085 0.12275
34.40430333333334 -89.575965 100.5 -30.89568758546245 -19.835348862349615 1.7000000000000028 0.10956
34.40445666666667 -89.57589333333333 97.6 -24.318882802567213 -2.7806563829977784 -1.2000000000000028 -0.78627
34.404514999999996 -89.57577500000001 98.5 -13.459507464284975 3.7075418423462434 -0.29999999999999716 0.020542
34.404385000000005 -89.57581499999999 98.1 -17.13028222504198 -10.75187134570944 -0.7000000000000028 0.061167
34.40448166666667 -89.57562833333334 98.8 -1.1675099855750997E-9 0.0 0.0 0.0
34.404356666666665 -89.57551833333333 98.0 10.094630596170974 -13.903281913938194 -0.7999999999999972 0.025562
34.40423 -89.57557166666666 99.2 5.200264247326228 -27.991940918611224 0.4000000000000057 0.076917
34.404149999999994 -89.57572499999999 96.3 -8.871039009251717 -36.89004134325855 -2.5 0.10783
34.404181666666666 -89.57586166666667 99.9 -21.41285278276016 -33.367876591879615 1.1000000000000085 0.12279
34.40430333333334 -89.575965 100.5 -30.89568758546245 -19.835348862349615 1.7000000000000028 0.1095
34.40445666666667 -89.57589333333333 97.6 -24.318882802567213 -2.7806563829977784 -1.2000000000000028 0.85292
34.404514999999996 -89.57577500000001 98.5 -13.459507464284975 3.7075418423462434 -0.29999999999999716 0.020542
34.404385000000005 -89.57581499999999 98.1 -17.13028222504198 -10.75187134570944 -0.7000000000000028 0.061062
34.40448166666667 -89.57562833333334 98.8 -1.1675099855750997E-9 0.0 0.0 0.0
34.404356666666665 -89.57551833333333 98.0 10.094630596170974 -13.903281913938194 -0.7999999999999972 0.025271
34.40423 -89.57557166666666 99.2 5.200264247326228 -27.991940918611224 0.4000000000000057 0.076667
34.404149999999994 -89.57572499999999 96.3 -8.871039009251717 -36.89004134325855 -2.5 0.10798
34.404181666666666 -89.57586166666667 99.9 -21.41285278276016 -33.367876591879615 1.1000000000000085 0.12294
34.40430333333334 -89.575965 100.5 -30.89568758546245 -19.835348862349615 1.7000000000000028 0.10925
34.40445666666667 -89.57589333333333 97.6 -24.318882802567213 -2.7806563829977784 -1.2000000000000028 0.73523
34.404514999999996 -89.57577500000001 98.5 -13.459507464284975 3.7075418423462434 -0.29999999999999716 0.020167
34.404385000000005 -89.57581499999999 98.1 -17.13028222504198 -10.75187134570944 -0.7000000000000028 0.060875
34.40448166666667 -89.57562833333334 98.8 -1.1675099855750997E-9 0.0 0.0 0.0
34.404356666666665 -89.57551833333333 98.0 10.094630596170974 -13.903281913938194 -0.7999999999999972 0.025437
34.40423 -89.57557166666666 99.2 5.200264247326228 -27.991940918611224 0.4000000000000057 0.076833
34.404149999999994 -89.57572499999999 96.3 -8.871039009251717 -36.89004134325855 -2.5 0.10804
34.404181666666666 -89.57586166666667 99.9 -21.41285278276016 -33.367876591879615 1.1000000000000085 0.12319
34.40430333333334 -89.575965 100.5 -30.89568758546245 -19.835348862349615 1.7000000000000028 0.10931
34.40445666666667 -89.575895 97.6 -24.47183175122389 -2.7806563829977784 -1.2000000000000028 0.62483
34.404514999999996 -89.57577500000001 98.5 -13.459507464284975 3.7075418423462434 -0.29999999999999716 0.020292
34.404385000000005 -89.57581499999999 98.1 -17.13028222504198 -10.75187134570944 -0.7000000000000028 0.060792
34.40448166666667 -89.57562833333334 98.8 -1.1675099855750997E-9 0.0 0.0 0.0
34.404356666666665 -89.57551833333333 98.0 10.094630596170974 -13.903281913938194 -0.7999999999999972 0.025333
34.40423 -89.57557166666666 99.2 5.200264247326228 -27.991940918611224 0.4000000000000057 0.076688
34.404149999999994 -89.57572666666668 96.3 -9.023987960243524 -36.89004134325855 -2.5 0.10802
34.404181666666666 -89.57586166666667 99.8 -21.41285278276016 -33.367876591879615 1.0 0.12329
34.40430333333334 -89.575965 100.5 -30.89568758546245 -19.835348862349615 1.7000000000000028 0.10954
34.40445666666667 -89.575895 97.6 -24.47183175122389 -2.7806563829977784 -1.2000000000000028 0.6335
34.404514999999996 -89.57577333333332 98.5 -13.306558513293192 3.7075418423462434 -0.29999999999999716 0.020229
34.404385000000005 -89.57581499999999 98.1 -17.13028222504198 -10.75187134570944 -0.7000000000000028 0.061021
34.40448166666667 -89.57562833333334 98.8 -1.1675099855750997E-9 0.0 0.0 0.0
34.404356666666665 -89.57551833333333 97.9 10.094630596170974 -13.903281913938194 -0.8999999999999915 0.023438
34.404226666666666 -89.57557166666666 99.2 5.200264247326228 -28.362695102778698 0.4000000000000057 0.074146
34.404149999999994 -89.57572666666668 96.2 -9.023987960243524 -36.89004134325855 -2.5999999999999943 0.10783
34.404181666666666 -89.57586 99.8 -21.259903834103458 -33.367876591879615 1.0 0.12444
34.40430166666667 -89.57596333333335 100.5 -30.742738639140885 -20.020725954786208 1.7000000000000028 0.11008
34.404455 -89.57589333333333 97.5 -24.318882802567213 -2.9660334754334836 -1.2999999999999972 -0.073625
34.404514999999996 -89.57577166666667 98.3 -13.153609566971445 3.7075418423462434 -0.5 0.018729
34.404385000000005 -89.57581499999999 98.0 -17.13028222504198 -10.75187134570944 -0.7999999999999972 0.061125
34.40448333333333 -89.57562666666666 98.8 0.15294894865680453 0.18537709137440325 0.0 0.0
34.404356666666665 -89.57551833333333 97.9 10.094630596170974 -13.903281913938194 -0.8999999999999915 0.023438
34.404226666666666 -89.57557166666666 99.2 5.200264247326228 -28.362695102778698 0.4000000000000057 0.074021
34.404149999999994 -89.57572666666668 96.3 -9.023987960243524 -36.89004134325855 -2.5 0.10779
34.404181666666666 -89.57586 99.8 -21.259903834103458 -33.367876591879615 1.0 0.1245
34.40430166666667 -89.57596333333335 100.5 -30.742738639140885 -20.020725954786208 1.7000000000000028 0.11013
34.404455 -89.57589333333333 97.5 -24.318882802567213 -2.9660334754334836 -1.2999999999999972 -0.276
34.404514999999996 -89.57577166666667 98.3 -13.153609566971445 3.7075418423462434 -0.5 0.018687
34.404385000000005 -89.57581499999999 98.0 -17.13028222504198 -10.75187134570944 -0.7999999999999972 0.061187
34.40448333333333 -89.57562666666666 98.8 0.15294894865680453 0.18537709137440325 0.0 0.0
34.404356666666665 -89.57551833333333 97.9 10.094630596170974 -13.903281913938194 -0.8999999999999915 0.023563
34.404226666666666 -89.57557166666666 99.2 5.200264247326228 -28.362695102778698 0.4000000000000057 0.074292
34.404149999999994 -89.57572666666668 96.3 -9.023987960243524 -36.89004134325855 -2.5 0.10781
34.404181666666666 -89.57586 99.8 -21.259903834103458 -33.367876591879615 1.0 0.12446
34.40430166666667 -89.57596333333335 100.5 -30.742738639140885 -20.020725954786208 1.7000000000000028 0.11031
34.404455 -89.57589333333333 97.5 -24.318882802567213 -2.9660334754334836 -1.2999999999999972 0.0675
34.404514999999996 -89.57577166666667 98.3 -13.153609566971445 3.7075418423462434 -0.5 0.018812
34.404385000000005 -89.57581499999999 98.0 -17.13028222504198 -10.75187134570944 -0.7999999999999972 0.061312
34.40448333333333 -89.57562666666666 98.8 0.15294894865680453 0.18537709137440325 0.0 0.0
34.404356666666665 -89.57551833333333 97.9 10.094630596170974 -13.903281913938194 -0.8999999999999915 0.023563
34.404226666666666 -89.57557166666666 99.2 5.200264247326228 -28.362695102778698 0.4000000000000057 0.074292
34.404149999999994 -89.57572666666668 96.2 -9.023987960243524 -36.89004134325855 -2.5999999999999943 0.10781
34.404181666666666 -89.57586 99.8 -21.259903834103458 -33.367876591879615 1.0 0.12446
34.40430166666667 -89.57596333333335 100.5 -30.742738639140885 -20.020725954786208 1.7000000000000028 0.11031
34.404455 -89.57589333333333 97.5 -24.318882802567213 -2.9660334754334836 -1.2999999999999972 0.0675
34.404514999999996 -89.57577166666667 98.3 -13.153609566971445 3.7075418423462434 -0.5 0.018812
34.404385000000005 -89.57581499999999 98.0 -17.13028222504198 -10.75187134570944 -0.7999999999999972 0.061312
34.40448333333333 -89.57562666666666 98.8 0.15294894865680453 0.18537709137440325 0.0 0.0
34.404356666666665 -89.57551833333333 97.9 10.094630596170974 -13.903281913938194 -0.8999999999999915 0.023542
34.404226666666666 -89.57557166666666 99.2 5.200264247326228 -28.362695102778698 0.4000000000000057 0.074
34.404149999999994 -89.57572666666668 96.3 -9.023987960243524 -36.89004134325855 -2.5 0.10771
34.404181666666666 -89.57586 99.8 -21.259903834103458 -33.367876591879615 1.0 0.1244
34.40430166666667 -89.57596333333335 100.5 -30.742738639140885 -20.020725954786208 1.7000000000000028 0.11
34.404455 -89.57589333333333 97.5 -24.318882802567213 -2.9660334754334836 -1.2999999999999972 0.10048
34.404514999999996 -89.57577166666667 98.2 -13.153609566971445 3.7075418423462434 -0.5999999999999943 0.018437
34.404385000000005 -89.57581499999999 98.0 -17.13028222504198 -10.75187134570944 -0.7999999999999972 0.061021
34.40448333333333 -89.57562666666666 98.8 0.15294894865680453 0.18537709137440325 0.0 0.0
34.404355 -89.57551833333333 97.9 10.094630596170974 -14.088659004959284 -0.8999999999999915 0.022896
34.404225 -89.57557166666666 99.3 5.200264247326228 -28.54807219556999 0.5 0.072854
34.40414833333333 -89.57572666666668 96.3 -9.023987960243524 -37.075418435343614 -2.5 0.10756
34.404183333333336 -89.57586 99.7 -21.259903834103458 -33.182499498733875 0.9000000000000057 0.12502
34.4043 -89.57596333333335 100.5 -30.742738639140885 -20.206103047576583 1.7000000000000028 0.11519
34.404455 -89.57589333333333 97.6 -24.318882802567213 -2.9660334754334836 -1.2000000000000028 -0.43481
34.404514999999996 -89.57577166666667 98.1 -13.153609566971445 3.7075418423462434 -0.7000000000000028 0.017438
34.40419333333333 -89.57575833333334 98.1 -11.930017980052307 -32.070236947289025 -0.7000000000000028 0.11327
34.404485 -89.575625 98.8 0.305897896146099 0.3707541845176126 0.0 0.0
34.404355 -89.57551833333333 97.9 10.094630596170974 -14.088659004959284 -0.8999999999999915 0.022958
34.404225 -89.57557166666666 99.3 5.200264247326228 -28.54807219556999 0.5 0.072875
34.404149999999994 -89.57572666666668 96.3 -9.023987960243524 -36.89004134325855 -2.5 0.10758
34.404183333333336 -89.57586 99.7 -21.259903834103458 -33.182499498733875 0.9000000000000057 0.1251
34.4043 -89.57596333333335 100.5 -30.742738639140885 -20.206103047576583 1.7000000000000028 0.11554
34.404455 -89.57589333333333 97.6 -24.318882802567213 -2.9660334754334836 -1.2000000000000028 -0.23517
34.40451333333333 -89.57577166666667 98.1 -13.153609566971445 3.5221647502642877 -0.7000000000000028 0.022896
34.40418666666667 -89.57575666666668 97.9 -11.777069031395536 -32.811745315272574 -0.8999999999999915 0.11338
34.404485 -89.575625 98.8 0.305897896146099 0.3707541845176126 0.0 0.0
34.404355 -89.57551833333333 97.9 10.094630596170974 -14.088659004959284 -0.8999999999999915 0.02275
34.404225 -89.57557166666666 99.3 5.200264247326228 -28.54807219556999 0.5 0.072563
34.404149999999994 -89.57572666666668 96.4 -9.023987960243524 -36.89004134325855 -2.3999999999999915 0.10744
34.404183333333336 -89.57586 99.7 -21.259903834103458 -33.182499498733875 0.9000000000000057 0.12515
34.4043 -89.57596333333335 100.6 -30.742738639140885 -20.206103047576583 1.7999999999999972 0.11025
34.404455 -89.57589333333333 97.6 -24.318882802567213 -2.9660334754334836 -1.2000000000000028 0.32108
34.40451333333333 -89.57577166666667 98.1 -13.153609566971445 3.5221647502642877 -0.7000000000000028 0.017375
34.40418666666667 -89.57575666666668 97.9 -11.777069031395536 -32.811745315272574 -0.8999999999999915 0.10788
34.404485 -89.575625 98.8 0.305897896146099 0.3707541845176126 0.0 0.0
34.404355 -89.57551833333333 97.9 10.094630596170974 -14.088659004959284 -0.8999999999999915 0.022604
34.404223333333334 -89.57557166666666 99.3 5.200264247326228 -28.733449286946268 0.5 0.072417
34.404149999999994 -89.57572666666668 96.4 -9.023987960243524 -36.89004134325855 -2.3999999999999915 0.10725
34.404183333333336 -89.57586 99.7 -21.259903834103458 -33.182499498733875 0.9000000000000057 0.12515
34.4043 -89.57596333333335 100.6 -30.742738639140885 -20.206103047576583 1.7999999999999972 0.11046
34.40445333333333 -89.57589333333333 97.6 -24.318882802567213 -3.1514105675154305 -1.2000000000000028 0.4615
34.404514999999996 -89.57577166666667 98.1 -13.153609566971445 3.7075418423462434 -0.7000000000000028 0.017542
34.40418666666667 -89.575755 97.9 -11.624120081571249 -32.811745315272574 -0.8999999999999915 0.1131
34.404485 -89.575625 98.8 0.305897896146099 0.3707541845176126 0.0 0.0
34.404355 -89.57551833333333 97.9 10.094630596170974 -14.088659004959284 -0.8999999999999915 0.022687
34.404223333333334 -89.57557166666666 99.3 5.200264247326228 -28.733449286946268 0.5 0.072479
34.404149999999994 -89.57572666666668 96.4 -9.023987960243524 -36.89004134325855 -2.3999999999999915 0.10727
34.404183333333336 -89.57586 99.7 -21.259903834103458 -33.182499498733875 0.9000000000000057 0.12515
34.4043 -89.57596333333335 100.5 -30.742738639140885 -20.206103047576583 1.7000000000000028 0.1105
34.40445333333333 -89.57589333333333 97.6 -24.318882802567213 -3.1514105675154305 -1.2000000000000028 -0.68863
34.404514999999996 -89.57577166666667 98.1 -13.153609566971445 3.7075418423462434 -0.7000000000000028 0.017521
34.40418666666667 -89.575755 97.9 -11.624120081571249 -32.811745315272574 -0.8999999999999915 0.10731
34.404485 -89.575625 98.8 0.305897896146099 0.3707541845176126 0.0 0.0
34.40435333333333 -89.57552 97.5 9.941681648681703 -14.27403609774919 -1.2999999999999972 0.023354
34.40421666666667 -89.57557166666666 99.2 5.200264247326228 -29.474957655635468 0.4000000000000057 0.072125
34.404151666666664 -89.57572833333333 96.6 -9.176936906565293 -36.70466425117354 -2.200000000000003 0.10825
34.404183333333336 -89.57585833333333 99.4 -21.106954885446754 -33.182499498733875 0.6000000000000085 0.12808
34.404295000000005 -89.57596166666666 100.7 -30.58978968814927 -20.76223432382523 1.9000000000000057 0.11317
34.40445333333333 -89.57589833333334 97.6 -24.77772964853723 -3.1514105675154305 -1.2000000000000028 -1.0909
34.404511666666664 -89.57577 98.0 -13.000660618314678 3.3367876581823355 -0.7999999999999972 0.016042
34.40417 -89.57574833333335 98.9 -11.012324290446676 -34.665516236471575 0.10000000000000853 0.10773
34.404485 -89.57562000000001 98.7 0.7647447397814926 0.3707541845176126 -0.09999999999999432 0.0
34.40435333333333 -89.57551833333333 97.5 10.094630596170974 -14.27403609774919 -1.2999999999999972 0.023417
34.40421666666667 -89.57557333333334 99.2 5.047315297501918 -29.474957655635468 0.4000000000000057 0.072104
34.404151666666664 -89.57572666666668 96.6 -9.023987960243524 -36.70466425117354 -2.200000000000003 0.10848
34.404183333333336 -89.57585833333333 99.4 -21.106954885446754 -33.182499498733875 0.6000000000000085 0.12829
34.404295000000005 -89.57596166666666 100.7 -30.58978968814927 -20.76223432382523 1.9000000000000057 0.1131
34.40445333333333 -89.57589833333334 97.6 -24.77772964853723 -3.1514105675154305 -1.2000000000000028 0.73485
34.404511666666664 -89.57577 98.0 -13.000660618314678 3.3367876581823355 -0.7999999999999972 0.015938
34.40417 -89.57574833333335 98.9 -11.012324290446676 -34.665516236471575 0.10000000000000853 0.10792
34.404485 -89.57562000000001 98.7 0.7647447397814926 0.3707541845176126 -0.09999999999999432 0.0
34.40435333333333 -89.57551833333333 97.5 10.094630596170974 -14.27403609774919 -1.2999999999999972 0.023396
34.40421666666667 -89.57557333333334 99.2 5.047315297501918 -29.474957655635468 0.4000000000000057 0.072083
34.404151666666664 -89.57572666666668 96.6 -9.023987960243524 -36.70466425117354 -2.200000000000003 0.10838
34.404183333333336 -89.57585833333333 99.4 -21.106954885446754 -33.182499498733875 0.6000000000000085 0.12844
34.404295000000005 -89.57596 100.7 -30.43684073949267 -20.76223432382523 1.9000000000000057 0.11313
34.40445333333333 -89.57589833333334 97.6 -24.77772964853723 -3.1514105675154305 -1.2000000000000028 -0.074625
34.40451333333333 -89.57577 98.0 -13.000660618314678 3.5221647502642877 -0.7999999999999972 0.015813
34.40417 -89.57574833333335 98.9 -11.012324290446676 -34.665516236471575 0.10000000000000853 0.10781
34.40448666666667 -89.57562000000001 98.6 0.7647447397814926 0.5561312765995386 -0.20000000000000284 0.0
34.40435166666667 -89.57551833333333 97.5 10.094630596170974 -14.459413189477827 -1.2999999999999972 0.023417
34.404215 -89.57557333333334 99.2 5.047315297501918 -29.66033474771939 0.4000000000000057 0.072021
34.404151666666664 -89.57572666666668 96.6 -9.023987960243524 -36.70466425117354 -2.200000000000003 0.10308
34.404183333333336 -89.57585833333333 99.3 -21.106954885446754 -33.182499498733875 0.5 0.1285
34.404295000000005 -89.57596 100.7 -30.43684073949267 -20.76223432382523 1.9000000000000057 0.11327
34.40445333333333 -89.57589833333334 97.6 -24.77772964853723 -3.1514105675154305 -1.2000000000000028 0.77
34.40451333333333 -89.57577 98.0 -13.000660618314678 3.5221647502642877 -0.7999999999999972 0.015875
34.40417 -89.57574833333335 99.0 -11.012324290446676 -34.665516236471575 0.20000000000000284 0.10783
34.40448666666667 -89.57562000000001 98.6 0.7647447397814926 0.5561312765995386 -0.20000000000000284 0.0
34.40435166666667 -89.57551833333333 97.5 10.094630596170974 -14.459413189477827 -1.2999999999999972 0.0235
34.404215 -89.57557333333334 99.2 5.047315297501918 -29.66033474771939 0.4000000000000057 0.072042
34.404151666666664 -89.57572666666668 96.6 -9.023987960243524 -36.70466425117354 -2.200000000000003 0.1085
34.404183333333336 -89.57585833333333 99.3 -21.106954885446754 -33.182499498733875 0.5 0.12892
34.404295000000005 -89.57596 100.6 -30.43684073949267 -20.76223432382523 1.7999999999999972 0.11356
34.40445333333333 -89.57589833333334 97.6 -24.77772964853723 -3.1514105675154305 -1.2000000000000028 -1.0979
34.40451333333333 -89.57577 98.0 -13.000660618314678 3.5221647502642877 -0.7999999999999972 0.016
34.40417 -89.57574833333335 99.0 -11.012324290446676 -34.665516236471575 0.20000000000000284 0.10792
34.40448666666667 -89.57562000000001 98.6 0.7647447397814926 0.5561312765995386 -0.20000000000000284 0.0
34.40435 -89.57551833333333 97.6 10.094630596170974 -14.644790281913998 -1.2000000000000028 0.023771
34.40421166666667 -89.57557333333334 98.8 5.047315297501918 -30.031088931887304 0.0 0.071417
34.404154999999996 -89.57572666666668 96.9 -9.023987960243524 -36.33391006735737 -1.8999999999999915 0.10906
34.404183333333336 -89.57585833333333 98.8 -21.106954885446754 -33.182499498733875 0.0 0.13158
34.404293333333335 -89.57596 100.8 -30.43684073949267 -20.94761141626191 2.0 0.1156
34.40445333333333 -89.57589833333334 97.4 -24.77772964853723 -3.1514105675154305 -1.3999999999999915 0.44015
34.404511666666664 -89.57576833333333 98.3 -12.84771166965791 3.3367876581823355 -0.5 0.01475
34.40416166666667 -89.57574166666667 99.8 -10.400528494652047 -35.592401697956575 1.0 0.10798
34.40448666666667 -89.57562000000001 98.2 0.7647447397814926 0.5561312765995386 -0.5999999999999943 0.0
34.40435 -89.57551833333333 97.6 10.094630596170974 -14.644790281913998 -1.2000000000000028 0.024125
34.40421166666667 -89.57557333333334 98.7 5.047315297501918 -30.031088931887304 -0.09999999999999432 0.071813
34.404154999999996 -89.57572666666668 96.9 -9.023987960243524 -36.33391006735737 -1.8999999999999915 0.10938
34.404181666666666 -89.57585833333333 98.8 -21.106954885446754 -33.367876591879615 0.0 0.13135
34.404293333333335 -89.57596 100.8 -30.43684073949267 -20.94761141626191 2.0 0.11621
34.40445333333333 -89.57589833333334 97.4 -24.77772964853723 -3.1514105675154305 -1.3999999999999915 0.18681
34.404511666666664 -89.57576833333333 98.3 -12.84771166965791 3.3367876581823355 -0.5 0.015333
34.40416166666667 -89.57574166666667 99.8 -10.400528494652047 -35.592401697956575 1.0 0.10838
34.40448666666667 -89.57562000000001 98.2 0.7647447397814926 0.5561312765995386 -0.5999999999999943 0.0
34.40435 -89.57551833333333 97.5 10.094630596170974 -14.644790281913998 -1.2999999999999972 0.024458
34.40421166666667 -89.57557333333334 98.7 5.047315297501918 -30.031088931887304 -0.09999999999999432 0.072042
34.404154999999996 -89.57572666666668 96.9 -9.023987960243524 -36.33391006735737 -1.8999999999999915 0.10933
34.404181666666666 -89.57585833333333 98.8 -21.106954885446754 -33.367876591879615 0.0 0.1314
34.404293333333335 -89.57596 100.7 -30.43684073949267 -20.94761141626191 1.9000000000000057 0.11567
34.40445333333333 -89.57589833333334 97.4 -24.77772964853723 -3.1514105675154305 -1.3999999999999915 1.2514
34.404511666666664 -89.57576833333333 98.4 -12.84771166965791 3.3367876581823355 -0.3999999999999915 0.014583
34.40416166666667 -89.57574166666667 99.8 -10.400528494652047 -35.592401697956575 1.0 0.10831
34.40448666666667 -89.57562000000001 98.2 0.7647447397814926 0.5561312765995386 -0.5999999999999943 0.0
34.40435 -89.57551833333333 97.6 10.094630596170974 -14.644790281913998 -1.2000000000000028 0.024229
34.40421166666667 -89.57557333333334 98.7 5.047315297501918 -30.031088931887304 -0.09999999999999432 0.071458
34.404154999999996 -89.57572666666668 96.9 -9.023987960243524 -36.33391006735737 -1.8999999999999915 0.1094
34.404181666666666 -89.57585833333333 98.8 -21.106954885446754 -33.367876591879615 0.0 0.13129
34.404293333333335 -89.57596 100.7 -30.43684073949267 -20.94761141626191 1.9000000000000057 0.11575
34.40445333333333 -89.57589833333334 97.4 -24.77772964853723 -3.1514105675154305 -1.3999999999999915 -0.44306
34.404511666666664 -89.57577 98.4 -13.000660618314678 3.3367876581823355 -0.3999999999999915 0.014875
34.40416166666667 -89.57574000000001 99.8 -10.247579547162777 -35.592401697956575 1.0 0.10833
34.40448666666667 -89.57562000000001 98.1 0.7647447397814926 0.5561312765995386 -0.7000000000000028 0.0
34.40435 -89.57551833333333 97.6 10.094630596170974 -14.644790281913998 -1.2000000000000028 0.023771
34.40421166666667 -89.57557333333334 98.7 5.047315297501918 -30.031088931887304 -0.09999999999999432 0.071354
34.40415666666667 -89.57572666666668 96.9 -9.023987960243524 -36.14853297421116 -1.8999999999999915 0.10881
34.404181666666666 -89.57585833333333 98.8 -21.106954885446754 -33.367876591879615 0.0 0.13135
34.404293333333335 -89.57596 100.7 -30.43684073949267 -20.94761141626191 1.9000000000000057 0.116
34.40445166666667 -89.57589833333334 97.4 -24.77772964853723 -3.3367876595973804 -1.3999999999999915 0.010188
34.404511666666664 -89.57577 98.4 -13.000660618314678 3.3367876581823355 -0.3999999999999915 0.015021
34.40416166666667 -89.57574000000001 99.9 -10.247579547162777 -35.592401697956575 1.1000000000000085 0.10779
34.40448666666667 -89.57562000000001 98.1 0.7647447397814926 0.5561312765995386 -0.7000000000000028 0.0
34.404329999999995 -89.57562333333333 97.8 0.45884684597041364 -16.869315389026482 -1.0 0.016708
34.40425833333334 -89.57564166666667 100.0 -1.2235915880869257 -24.840530351068814 1.2000000000000028 0.037229
34.404225 -89.57574500000001 96.2 -10.706426391965609 -28.54807219556999 -2.5999999999999943 0.062479
34.404248333333335 -89.57581666666668 97.6 -17.28323117603374 -25.95279290463048 -1.2000000000000028 0.077479
34.404305 -89.57586500000001 101.1 -21.718750680073565 -19.649971770974325 2.299999999999997 0.068917
34.404405 -89.57583500000001 99.2 -18.965669608922774 -8.52734624072378 0.4000000000000057 -0.9669
34.404430000000005 -89.57577 98.8 -13.000660618314678 -5.746689857016801 0.0 0.00175
34.404215 -89.57573666666667 100.0 -9.941681649849214 -29.66033474771939 1.2000000000000028 0.060396
34.40441833333333 -89.57567333333333 97.7 -4.129621607896138 -7.044329503359742 -1.0999999999999943 0.0
34.404329999999995 -89.575625 97.8 0.305897896146099 -16.869315389026482 -1.0 0.016792
34.40425833333334 -89.57564166666667 100.0 -1.2235915880869257 -24.840530351068814 1.2000000000000028 0.037271
34.404225 -89.57574500000001 96.2 -10.706426391965609 -28.54807219556999 -2.5999999999999943 0.062583
34.404248333333335 -89.57581666666668 97.6 -17.28323117603374 -25.95279290463048 -1.2000000000000028 0.077479
34.404305 -89.57586500000001 101.1 -21.718750680073565 -19.649971770974325 2.299999999999997 0.068833
34.404405 -89.57583500000001 99.2 -18.965669608922774 -8.52734624072378 0.4000000000000057 0.10842
34.404430000000005 -89.57577 98.8 -13.000660618314678 -5.746689857016801 0.0 0.0016875
34.404215 -89.57573666666667 100.0 -9.941681649849214 -29.66033474771939 1.2000000000000028 0.060458
34.40441833333333 -89.57567499999999 97.7 -4.282570555385429 -7.044329503359742 -1.0999999999999943 0.0
34.404329999999995 -89.575625 97.8 0.305897896146099 -16.869315389026482 -1.0 0.017
34.40425833333334 -89.57564166666667 100.0 -1.2235915880869257 -24.840530351068814 1.2000000000000028 0.037542
34.404225 -89.57574500000001 96.2 -10.706426391965609 -28.54807219556999 -2.5999999999999943 0.062854
34.404248333333335 -89.57581666666668 97.6 -17.28323117603374 -25.95279290463048 -1.2000000000000028 0.077646
34.404305 -89.57586500000001 101.1 -21.718750680073565 -19.649971770974325 2.299999999999997 0.068812
34.404405 -89.57583500000001 99.1 -18.965669608922774 -8.52734624072378 0.29999999999999716 -0.83752
34.404430000000005 -89.57577 98.9 -13.000660618314678 -5.746689857016801 0.10000000000000853 0.0014792
34.404215 -89.57573666666667 100.0 -9.941681649849214 -29.66033474771939 1.2000000000000028 0.060729
34.40441833333333 -89.57567499999999 97.7 -4.282570555385429 -7.044329503359742 -1.0999999999999943 0.0
34.404329999999995 -89.575625 97.9 0.305897896146099 -16.869315389026482 -0.8999999999999915 0.016917
34.40425833333334 -89.57564166666667 100.0 -1.2235915880869257 -24.840530351068814 1.2000000000000028 0.037396
34.404225 -89.57574500000001 96.2 -10.706426391965609 -28.54807219556999 -2.5999999999999943 0.062708
34.404248333333335 -89.57581666666668 97.6 -17.28323117603374 -25.95279290463048 -1.2000000000000028 0.077729
34.404305 -89.57586500000001 101.1 -21.718750680073565 -19.649971770974325 2.299999999999997 0.068896
34.404405 -89.57583500000001 99.1 -18.965669608922774 -8.52734624072378 0.29999999999999716 -0.65348
34.404430000000005 -89.57577 98.9 -13.000660618314678 -5.746689857016801 0.10000000000000853 0.0013958
34.404215 -89.57573666666667 100.0 -9.941681649849214 -29.66033474771939 1.2000000000000028 0.060583
34.40441833333333 -89.57567333333333 97.7 -4.129621607896138 -7.044329503359742 -1.0999999999999943 0.0
34.404329999999995 -89.575625 97.9 0.305897896146099 -16.869315389026482 -0.8999999999999915 0.016729
34.40425833333334 -89.57564166666667 100.0 -1.2235915880869257 -24.840530351068814 1.2000000000000028 0.037062
34.404225 -89.57574500000001 96.2 -10.706426391965609 -28.54807219556999 -2.5999999999999943 0.062625
34.404248333333335 -89.57581666666668 97.6 -17.28323117603374 -25.95279290463048 -1.2000000000000028 0.07775
34.404305 -89.57586500000001 101.0 -21.718750680073565 -19.649971770974325 2.200000000000003 0.069042
34.404405 -89.57583500000001 99.1 -18.965669608922774 -8.52734624072378 0.29999999999999716 -1.3367
34.404430000000005 -89.57577 98.9 -13.000660618314678 -5.746689857016801 0.10000000000000853 0.0015
34.404215 -89.57573833333332 100.1 -10.094630596170974 -29.66033474771939 1.2999999999999972 0.060437
34.40441833333333 -89.57567333333333 97.7 -4.129621607896138 -7.044329503359742 -1.0999999999999943 0.0
34.404333333333334 -89.57563 98.6 -0.15294894982431456 -16.49856120415384 -0.20000000000000284 0.017792
34.40426 -89.57564499999998 100.2 -1.5294894830655137 -24.655153259693012 1.4000000000000057 0.037729
34.404223333333334 -89.57574333333332 95.9 -10.553477442141318 -28.733449286946268 -2.8999999999999915 0.063708
34.404248333333335 -89.57581499999999 97.6 -17.13028222504198 -25.95279290463048 -1.2000000000000028 0.080583
34.40430666666667 -89.57586166666667 100.9 -21.41285278276016 -19.46459467747648 2.1000000000000085 0.071396
34.40439833333333 -89.57583500000001 98.3 -18.965669608922774 -9.268854608698442 -0.5 0.41315
34.404423333333334 -89.57577 98.9 -13.000660618314678 -6.488198226406129 0.10000000000000853 0.0001875
34.40422 -89.57574166666667 100.1 -10.400528494652047 -29.104203471113934 1.2999999999999972 0.060979
34.40441333333333 -89.57567499999999 97.2 -4.282570555385429 -7.6004607796058865 -1.5999999999999943 0.0
34.404333333333334 -89.57563 98.6 -0.15294894982431456 -16.49856120415384 -0.20000000000000284 0.017875
34.40426 -89.57564499999998 100.2 -1.5294894830655137 -24.655153259693012 1.4000000000000057 0.038229
34.404223333333334 -89.57574333333332 95.9 -10.553477442141318 -28.733449286946268 -2.8999999999999915 0.058146
34.404248333333335 -89.57581499999999 97.6 -17.13028222504198 -25.95279290463048 -1.2000000000000028 0.080833
34.404305 -89.57586166666667 100.9 -21.41285278276016 -19.649971770974325 2.1000000000000085 0.071729
34.40439833333333 -89.57583500000001 98.3 -18.965669608922774 -9.268854608698442 -0.5 0.23544
34.404423333333334 -89.57577 98.9 -13.000660618314678 -6.488198226406129 0.10000000000000853 6.25e-005
34.40422 -89.57574166666667 100.1 -10.400528494652047 -29.104203471113934 1.2999999999999972 0.0555
34.40441333333333 -89.57567499999999 97.2 -4.282570555385429 -7.6004607796058865 -1.5999999999999943 0.0
34.404333333333334 -89.57563 98.6 -0.15294894982431456 -16.49856120415384 -0.20000000000000284 0.017583
34.40426 -89.57564499999998 100.2 -1.5294894830655137 -24.655153259693012 1.4000000000000057 0.037479
34.404223333333334 -89.57574333333332 95.9 -10.553477442141318 -28.733449286946268 -2.8999999999999915 0.057583
34.404248333333335 -89.57581499999999 97.6 -17.13028222504198 -25.95279290463048 -1.2000000000000028 0.080667
34.404305 -89.57586166666667 100.9 -21.41285278276016 -19.649971770974325 2.1000000000000085 0.07125
34.40439833333333 -89.57583500000001 98.3 -18.965669608922774 -9.268854608698442 -0.5 -0.079021
34.404423333333334 -89.57577166666667 98.9 -13.153609566971445 -6.488198226406129 0.10000000000000853 -0.00054167
34.40422 -89.57574166666667 100.1 -10.400528494652047 -29.104203471113934 1.2999999999999972 0.060687
34.40441333333333 -89.57567499999999 97.2 -4.282570555385429 -7.6004607796058865 -1.5999999999999943 0.0
34.404333333333334 -89.57563 98.6 -0.15294894982431456 -16.49856120415384 -0.20000000000000284 0.017687
34.40426 -89.57564499999998 100.2 -1.5294894830655137 -24.655153259693012 1.4000000000000057 0.037604
34.404223333333334 -89.57574333333332 95.9 -10.553477442141318 -28.733449286946268 -2.8999999999999915 0.058042
34.404248333333335 -89.57581499999999 97.7 -17.13028222504198 -25.95279290463048 -1.0999999999999943 0.080812
34.40430666666667 -89.57586166666667 100.9 -21.41285278276016 -19.46459467747648 2.1000000000000085 0.07175
34.40439833333333 -89.57583500000001 98.3 -18.965669608922774 -9.268854608698442 -0.5 1.2941
34.404423333333334 -89.57577166666667 98.9 -13.153609566971445 -6.488198226406129 0.10000000000000853 0.00020833
34.40422 -89.57574166666667 100.0 -10.400528494652047 -29.104203471113934 1.2000000000000028 0.060792
34.40441333333333 -89.57567666666667 97.2 -4.435519505209739 -7.6004607796058865 -1.5999999999999943 0.0
34.404333333333334 -89.57563 98.6 -0.15294894982431456 -16.49856120415384 -0.20000000000000284 0.017271
34.40426 -89.57564499999998 100.2 -1.5294894830655137 -24.655153259693012 1.4000000000000057 0.036854
34.404223333333334 -89.57574333333332 95.9 -10.553477442141318 -28.733449286946268 -2.8999999999999915 0.057063
34.404248333333335 -89.57581499999999 97.7 -17.13028222504198 -25.95279290463048 -1.0999999999999943 0.080458
34.40430666666667 -89.57586166666667 100.9 -21.41285278276016 -19.46459467747648 2.1000000000000085 0.071146
34.40439833333333 -89.57583500000001 98.3 -18.965669608922774 -9.268854608698442 -0.5 -0.95794
34.404423333333334 -89.57577166666667 98.9 -13.153609566971445 -6.488198226406129 0.10000000000000853 -0.00075
34.40422 -89.57574166666667 100.0 -10.400528494652047 -29.104203471113934 1.2000000000000028 0.060292
34.40441333333333 -89.57567666666667 97.2 -4.435519505209739 -7.6004607796058865 -1.5999999999999943 0.0
34.404334999999996 -89.57563166666665 98.9 -0.305897896146099 -16.313184112425056 0.10000000000000853 0.01875
34.40426 -89.57564499999998 100.3 -1.5294894830655137 -24.655153259693012 1.5 0.038688
34.404223333333334 -89.57574333333332 95.8 -10.553477442141318 -28.733449286946268 -3.0 0.059125
34.404248333333335 -89.57581499999999 97.8 -17.13028222504198 -25.95279290463048 -1.0 0.08325
34.40430666666667 -89.57586166666667 101.0 -21.41285278276016 -19.46459467747648 2.200000000000003 0.073667
34.40439666666667 -89.57583333333332 97.8 -18.812720657931028 -9.45423170078057 -1.0 -0.88898
34.404421666666664 -89.57577 98.9 -13.000660618314678 -6.673575319195675 0.10000000000000853 -0.000625
34.404223333333334 -89.57574333333332 100.1 -10.553477442141318 -28.733449286946268 1.2999999999999972 0.061854
34.40441333333333 -89.57567833333333 97.0 -4.588468453866541 -7.6004607796058865 -1.7999999999999972 0.0
34.404334999999996 -89.57563166666665 98.9 -0.305897896146099 -16.313184112425056 0.10000000000000853 0.018979
34.40426 -89.57564666666667 100.2 -1.682438434057338 -24.655153259693012 1.4000000000000057 0.038521
34.404223333333334 -89.57574333333332 95.8 -10.553477442141318 -28.733449286946268 -3.0 0.058854
34.404248333333335 -89.57581499999999 97.8 -17.13028222504198 -25.95279290463048 -1.0 0.083208
34.40430666666667 -89.57586166666667 101.0 -21.41285278276016 -19.46459467747648 2.200000000000003 0.073896
34.40439666666667 -89.57583333333332 97.8 -18.812720657931028 -9.45423170078057 -1.0 -0.22229
34.404421666666664 -89.57577166666667 98.8 -13.153609566971445 -6.673575319195675 0.0 -0.0004375
34.404223333333334 -89.57574333333332 100.1 -10.553477442141318 -28.733449286946268 1.2999999999999972 0.061729
34.40441333333333 -89.57567833333333 97.0 -4.588468453866541 -7.6004607796058865 -1.7999999999999972 0.0
34.404334999999996 -89.57563166666665 99.0 -0.305897896146099 -16.313184112425056 0.20000000000000284 0.018854
34.40426 -89.57564666666667 100.3 -1.682438434057338 -24.655153259693012 1.5 0.038187
34.404223333333334 -89.57574333333332 95.8 -10.553477442141318 -28.733449286946268 -3.0 0.064521
34.404248333333335 -89.57581499999999 97.8 -17.13028222504198 -25.95279290463048 -1.0 0.083021
34.40430666666667 -89.57586166666667 101.0 -21.41285278276016 -19.46459467747648 2.200000000000003 0.073667
34.40439666666667 -89.57583333333332 97.8 -18.812720657931028 -9.45423170078057 -1.0 -0.31754
34.404421666666664 -89.57577166666667 98.8 -13.153609566971445 -6.673575319195675 0.0 -0.00041667
34.404223333333334 -89.57574333333332 100.1 -10.553477442141318 -28.733449286946268 1.2999999999999972 0.061542
34.40441333333333 -89.57567833333333 97.0 -4.588468453866541 -7.6004607796058865 -1.7999999999999972 0.0
34.404334999999996 -89.57563166666665 99.0 -0.305897896146099 -16.313184112425056 0.20000000000000284 0.018812
34.40426 -89.57564666666667 100.3 -1.682438434057338 -24.655153259693012 1.5 0.038167
34.404223333333334 -89.57574333333332 95.8 -10.553477442141318 -28.733449286946268 -3.0 0.064437
34.404248333333335 -89.57581499999999 97.8 -17.13028222504198 -25.95279290463048 -1.0 0.083083
34.40430666666667 -89.57586166666667 101.0 -21.41285278276016 -19.46459467747648 2.200000000000003 0.073625
34.40439833333333 -89.57583333333332 97.9 -18.812720657931028 -9.268854608698442 -0.8999999999999915 -0.85598
34.404421666666664 -89.57577166666667 98.8 -13.153609566971445 -6.673575319195675 0.0 -0.0005625
34.404223333333334 -89.57574333333332 100.1 -10.553477442141318 -28.733449286946268 1.2999999999999972 0.061437
34.40441333333333 -89.57567833333333 96.9 -4.588468453866541 -7.6004607796058865 -1.8999999999999915 0.0
34.404334999999996 -89.57563166666665 98.9 -0.305897896146099 -16.313184112425056 0.10000000000000853 0.018604
34.40426 -89.57564666666667 100.3 -1.682438434057338 -24.655153259693012 1.5 0.038083
34.404223333333334 -89.57574333333332 95.8 -10.553477442141318 -28.733449286946268 -3.0 0.064396
34.404248333333335 -89.57581499999999 97.8 -17.13028222504198 -25.95279290463048 -1.0 0.083083
34.40430666666667 -89.57586166666667 101.0 -21.41285278276016 -19.46459467747648 2.200000000000003 0.073792
34.40439833333333 -89.57583333333332 97.9 -18.812720657931028 -9.268854608698442 -0.8999999999999915 -1.065
34.404421666666664 -89.57577 98.8 -13.000660618314678 -6.673575319195675 0.0 -0.0004375
34.404221666666665 -89.57574333333332 100.1 -10.553477442141318 -28.91882637973761 1.2999999999999972 0.061354
34.40441333333333 -89.57567833333333 96.9 -4.588468453866541 -7.6004607796058865 -1.8999999999999915 0.0
34.404333333333334 -89.57563166666665 99.0 -0.305897896146099 -16.49856120415384 0.20000000000000284 0.019438
34.40426166666667 -89.57564499999998 100.4 -1.5294894830655137 -24.469776166902186 1.6000000000000085 0.038875
34.404221666666665 -89.57574333333332 95.8 -10.553477442141318 -28.91882637973761 -3.0 0.059542
34.404248333333335 -89.57581499999999 98.0 -17.13028222504198 -25.95279290463048 -0.7999999999999972 0.083792
34.40430666666667 -89.57586 101.2 -21.259903834103458 -19.46459467747648 2.4000000000000057 0.074125
34.40439666666667 -89.57583333333332 97.8 -18.812720657931028 -9.45423170078057 -1.0 0.0069792
34.404421666666664 -89.57577 98.8 -13.000660618314678 -6.673575319195675 0.0 -0.0010625
34.404221666666665 -89.57574166666667 100.2 -10.400528494652047 -28.91882637973761 1.4000000000000057 0.061812
34.40441166666667 -89.57567833333333 97.0 -4.588468453866541 -7.785837871687946 -1.7999999999999972 0.0
34.404333333333334 -89.57563166666665 99.0 -0.305897896146099 -16.49856120415384 0.20000000000000284 0.019479
34.40426166666667 -89.57564499999998 100.4 -1.5294894830655137 -24.469776166902186 1.6000000000000085 0.038917
34.404221666666665 -89.57574333333332 95.8 -10.553477442141318 -28.91882637973761 -3.0 0.059625
34.404248333333335 -89.57581499999999 98.0 -17.13028222504198 -25.95279290463048 -0.7999999999999972 0.083937
34.40430666666667 -89.57586 101.2 -21.259903834103458 -19.46459467747648 2.4000000000000057 0.074125
34.40439666666667 -89.57583333333332 97.8 -18.812720657931028 -9.45423170078057 -1.0 -1.217
34.404421666666664 -89.57577 98.8 -13.000660618314678 -6.673575319195675 0.0 -0.0013125
34.404221666666665 -89.57574333333332 100.2 -10.553477442141318 -28.91882637973761 1.4000000000000057 0.061896
34.40441166666667 -89.57567833333333 97.0 -4.588468453866541 -7.785837871687946 -1.7999999999999972 0.0
34.404333333333334 -89.57563166666665 99.1 -0.305897896146099 -16.49856120415384 0.29999999999999716 0.019729
34.40426166666667 -89.57564499999998 100.4 -1.5294894830655137 -24.469776166902186 1.6000000000000085 0.039208
34.404221666666665 -89.57574333333332 95.8 -10.553477442141318 -28.91882637973761 -3.0 0.059708
34.404248333333335 -89.57581499999999 98.0 -17.13028222504198 -25.95279290463048 -0.7999999999999972 0.084187
34.40430666666667 -89.57586 101.2 -21.259903834103458 -19.46459467747648 2.4000000000000057 0.074583
34.40439833333333 -89.57583333333332 97.9 -18.812720657931028 -9.268854608698442 -0.8999999999999915 -0.45631
34.404421666666664 -89.57577 98.8 -13.000660618314678 -6.673575319195675 0.0 -0.00097917
34.404221666666665 -89.57574166666667 100.2 -10.400528494652047 -28.91882637973761 1.4000000000000057 0.062083
34.40441166666667 -89.57567833333333 97.0 -4.588468453866541 -7.785837871687946 -1.7999999999999972 0.0
34.404333333333334 -89.57563166666665 99.1 -0.305897896146099 -16.49856120415384 0.29999999999999716 0.019104
34.40426166666667 -89.57564499999998 100.4 -1.5294894830655137 -24.469776166902186 1.6000000000000085 0.038625
34.404221666666665 -89.57574333333332 95.8 -10.553477442141318 -28.91882637973761 -3.0 0.059396
34.404248333333335 -89.57581499999999 98.0 -17.13028222504198 -25.95279290463048 -0.7999999999999972 0.083833
34.40430666666667 -89.57586 101.2 -21.259903834103458 -19.46459467747648 2.4000000000000057 0.074292
34.40439833333333 -89.57583333333332 97.9 -18.812720657931028 -9.268854608698442 -0.8999999999999915 -0.54694
34.404421666666664 -89.57577 98.9 -13.000660618314678 -6.673575319195675 0.10000000000000853 -0.0013542
34.404221666666665 -89.57574166666667 100.2 -10.400528494652047 -28.91882637973761 1.4000000000000057 0.056229
34.40441166666667 -89.57567833333333 97.0 -4.588468453866541 -7.785837871687946 -1.7999999999999972 0.0
34.404333333333334 -89.57563166666665 99.1 -0.305897896146099 -16.49856120415384 0.29999999999999716 0.019604
34.40426166666667 -89.57564499999998 100.4 -1.5294894830655137 -24.469776166902186 1.6000000000000085 0.039146
34.404221666666665 -89.57574333333332 95.8 -10.553477442141318 -28.91882637973761 -3.0 0.059417
34.404248333333335 -89.57581499999999 98.0 -17.13028222504198 -25.95279290463048 -0.7999999999999972 0.084104
34.40430666666667 -89.57586 101.2 -21.259903834103458 -19.46459467747648 2.4000000000000057 0.074521
34.40439666666667 -89.57583333333332 97.9 -18.812720657931028 -9.45423170078057 -0.8999999999999915 -1.2638
34.404421666666664 -89.57577 98.9 -13.000660618314678 -6.673575319195675 0.10000000000000853 -0.0012708
34.404221666666665 -89.57574333333332 100.2 -10.553477442141318 -28.91882637973761 1.4000000000000057 0.062104
34.40441166666667 -89.57567833333333 97.0 -4.588468453866541 -7.785837871687946 -1.7999999999999972 0.0
34.40433666666667 -89.57563499999999 99.2 -0.6117957934597081 -16.127807019281253 0.4000000000000057 0.020917
34.404265 -89.57564666666667 100.4 -1.682438434057338 -24.099021982735646 1.6000000000000085 0.040104
34.404225 -89.57574666666666 96.0 -10.859375339454877 -28.54807219556999 -2.799999999999997 0.066542
34.40425166666667 -89.57581666666668 98.1 -17.28323117603374 -25.582038720817362 -0.7000000000000028 0.087313
34.40430666666667 -89.57585833333333 101.3 -21.106954885446754 -19.46459467747648 2.5 0.077125
34.40439833333333 -89.57583500000001 97.3 -18.965669608922774 -9.268854608698442 -1.5 -0.35975
34.404423333333334 -89.57577 99.0 -13.000660618314678 -6.488198226406129 0.20000000000000284 -0.0021042
34.404223333333334 -89.57574333333332 99.9 -10.553477442141318 -28.733449286946268 1.1000000000000085 0.063042
34.40441333333333 -89.57568 96.8 -4.74141740252334 -7.6004607796058865 -2.0 0.0
34.40433666666667 -89.57563499999999 99.2 -0.6117957934597081 -16.127807019281253 0.4000000000000057 0.021188
34.404265 -89.57564666666667 100.4 -1.682438434057338 -24.099021982735646 1.6000000000000085 0.040438
34.404225 -89.57574666666666 96.0 -10.859375339454877 -28.54807219556999 -2.799999999999997 0.066896
34.40425166666667 -89.57581666666668 98.1 -17.28323117603374 -25.582038720817362 -0.7000000000000028 0.087604
34.40430666666667 -89.57585833333333 101.3 -21.106954885446754 -19.46459467747648 2.5 0.077229
34.40439833333333 -89.57583500000001 97.3 -18.965669608922774 -9.268854608698442 -1.5 0.41821
34.404423333333334 -89.57577 98.9 -13.000660618314678 -6.488198226406129 0.10000000000000853 -0.0023125
34.404223333333334 -89.57574333333332 99.8 -10.553477442141318 -28.733449286946268 1.0 0.063375
34.40441333333333 -89.57568 96.8 -4.74141740252334 -7.6004607796058865 -2.0 0.0
34.40433666666667 -89.57563499999999 99.2 -0.6117957934597081 -16.127807019281253 0.4000000000000057 0.026396
34.404265 -89.57564666666667 100.4 -1.682438434057338 -24.099021982735646 1.6000000000000085 0.045396
34.404225 -89.57574666666666 96.0 -10.859375339454877 -28.54807219556999 -2.799999999999997 0.066458
34.40425166666667 -89.57581666666668 98.1 -17.28323117603374 -25.582038720817362 -0.7000000000000028 0.093292
34.40430666666667 -89.57585833333333 101.3 -21.106954885446754 -19.46459467747648 2.5 0.083312
34.40439833333333 -89.57583500000001 97.3 -18.965669608922774 -9.268854608698442 -1.5 -0.6331
34.404423333333334 -89.57577 98.9 -13.000660618314678 -6.488198226406129 0.10000000000000853 0.0035833
34.404223333333334 -89.57574333333332 99.8 -10.553477442141318 -28.733449286946268 1.0 0.068542
34.40441333333333 -89.57568 96.8 -4.74141740252334 -7.6004607796058865 -2.0 0.0
34.40433666666667 -89.57563499999999 99.3 -0.6117957934597081 -16.127807019281253 0.5 0.0205
34.404265 -89.57564666666667 100.4 -1.682438434057338 -24.099021982735646 1.6000000000000085 0.039479
34.404225 -89.57574666666666 96.1 -10.859375339454877 -28.54807219556999 -2.700000000000003 0.059542
34.40425166666667 -89.57581666666668 98.2 -17.28323117603374 -25.582038720817362 -0.5999999999999943 0.087229
34.40430666666667 -89.57585833333333 101.3 -21.106954885446754 -19.46459467747648 2.5 0.076896
34.40439833333333 -89.57583500000001 97.3 -18.965669608922774 -9.268854608698442 -1.5 -0.72706
34.404423333333334 -89.57577 99.0 -13.000660618314678 -6.488198226406129 0.20000000000000284 -0.0028542
34.404223333333334 -89.57574333333332 99.8 -10.553477442141318 -28.733449286946268 1.0 0.062833
34.40441333333333 -89.57568 96.9 -4.74141740252334 -7.6004607796058865 -1.8999999999999915 0.0
34.40433666666667 -89.57563499999999 99.3 -0.6117957934597081 -16.127807019281253 0.5 0.020958
34.404265 -89.57564666666667 100.4 -1.682438434057338 -24.099021982735646 1.6000000000000085 0.040021
34.404225 -89.57574666666666 96.1 -10.859375339454877 -28.54807219556999 -2.700000000000003 0.066583
34.40425166666667 -89.57581666666668 98.2 -17.28323117603374 -25.582038720817362 -0.5999999999999943 0.087833
34.40430666666667 -89.57585833333333 101.4 -21.106954885446754 -19.46459467747648 2.6000000000000085 0.077667
34.40439833333333 -89.57583500000001 97.3 -18.965669608922774 -9.268854608698442 -1.5 -0.44035
34.404423333333334 -89.57577 99.0 -13.000660618314678 -6.488198226406129 0.20000000000000284 -0.002125
34.404223333333334 -89.57574333333332 99.8 -10.553477442141318 -28.733449286946268 1.0 0.063042
34.40441333333333 -89.57568 96.9 -4.74141740252334 -7.6004607796058865 -1.8999999999999915 0.0
34.404338333333335 -89.57563499999999 99.3 -0.6117957934597081 -15.942429927552498 0.5 0.021146
34.404266666666665 -89.57564833333332 100.4 -1.8353873803791219 -23.9136448906524 1.6000000000000085 0.039896
34.404226666666666 -89.57574833333335 96.2 -11.012324290446676 -28.362695102778698 -2.5999999999999943 0.066312
34.40425166666667 -89.57581833333333 98.2 -17.43618012235546 -25.582038720817362 -0.5999999999999943 0.088333
34.40430666666667 -89.57585833333333 101.6 -21.106954885446754 -19.46459467747648 2.799999999999997 0.078271
34.404401666666665 -89.57583666666666 97.5 -19.118618555244478 -8.898100425241736 -1.2999999999999972 -1.2882
34.404424999999996 -89.57577 99.0 -13.000660618314678 -6.30282113467787 0.20000000000000284 -0.002375
34.404223333333334 -89.57574333333332 99.7 -10.553477442141318 -28.733449286946268 0.9000000000000057 0.062625
34.40441333333333 -89.57568333333332 97.2 -5.047315297501918 -7.6004607796058865 -1.5999999999999943 0.0
34.404338333333335 -89.57563666666668 99.3 -0.7647447444515326 -15.942429927552498 0.5 0.021042
34.404266666666665 -89.57564833333332 100.4 -1.8353873803791219 -23.9136448906524 1.6000000000000085 0.039813
34.404226666666666 -89.57574833333335 96.2 -11.012324290446676 -28.362695102778698 -2.5999999999999943 0.066271
34.40425166666667 -89.57581833333333 98.1 -17.43618012235546 -25.582038720817362 -0.7000000000000028 0.088375
34.40430666666667 -89.57585833333333 101.6 -21.106954885446754 -19.46459467747648 2.799999999999997 0.078396
34.404401666666665 -89.57583666666666 97.5 -19.118618555244478 -8.898100425241736 -1.2999999999999972 -0.21887
34.404424999999996 -89.57577 99.0 -13.000660618314678 -6.30282113467787 0.20000000000000284 -0.0023333
34.404223333333334 -89.57574333333332 99.7 -10.553477442141318 -28.733449286946268 0.9000000000000057 0.062562
34.40441333333333 -89.57568333333332 97.2 -5.047315297501918 -7.6004607796058865 -1.5999999999999943 0.0
34.404338333333335 -89.57563666666668 99.3 -0.7647447444515326 -15.942429927552498 0.5 0.021125
34.404266666666665 -89.57564833333332 100.4 -1.8353873803791219 -23.9136448906524 1.6000000000000085 0.039938
34.404226666666666 -89.57575 96.2 -11.165273236768432 -28.362695102778698 -2.5999999999999943 0.066354
34.40425166666667 -89.57581833333333 98.1 -17.43618012235546 -25.582038720817362 -0.7000000000000028 0.088438
34.40430666666667 -89.57585833333333 101.6 -21.106954885446754 -19.46459467747648 2.799999999999997 0.078646
34.404401666666665 -89.57583666666666 97.5 -19.118618555244478 -8.898100425241736 -1.2999999999999972 -1.0195
34.404424999999996 -89.57577 99.0 -13.000660618314678 -6.30282113467787 0.20000000000000284 -0.0020208
34.404223333333334 -89.57574333333332 99.6 -10.553477442141318 -28.733449286946268 0.7999999999999972 0.062667
34.404415 -89.57568333333332 97.2 -5.047315297501918 -7.41508368752383 -1.5999999999999943 0.0
34.404338333333335 -89.57563666666668 99.3 -0.7647447444515326 -15.942429927552498 0.5 0.021458
34.404266666666665 -89.57564833333332 100.4 -1.8353873803791219 -23.9136448906524 1.6000000000000085 0.040271
34.404226666666666 -89.57575 96.2 -11.165273236768432 -28.362695102778698 -2.5999999999999943 0.066708
34.40425333333334 -89.57581833333333 98.1 -17.43618012235546 -25.396661626965148 -0.7000000000000028 0.088583
34.40430666666667 -89.57585833333333 101.6 -21.106954885446754 -19.46459467747648 2.799999999999997 0.078625
34.404401666666665 -89.57583666666666 97.6 -19.118618555244478 -8.898100425241736 -1.2000000000000028 -0.014188
34.404424999999996 -89.57577 99.0 -13.000660618314678 -6.30282113467787 0.20000000000000284 -0.0020833
34.404223333333334 -89.57574333333332 99.6 -10.553477442141318 -28.733449286946268 0.7999999999999972 0.063
34.404415 -89.57568333333332 97.2 -5.047315297501918 -7.41508368752383 -1.5999999999999943 0.0
34.404338333333335 -89.57563666666668 99.3 -0.7647447444515326 -15.942429927552498 0.5 0.021542
34.404266666666665 -89.57564833333332 100.4 -1.8353873803791219 -23.9136448906524 1.6000000000000085 0.040417
34.404226666666666 -89.57575 96.2 -11.165273236768432 -28.362695102778698 -2.5999999999999943 0.066792
34.40425333333334 -89.57581833333333 98.1 -17.43618012235546 -25.396661626965148 -0.7000000000000028 0.088646
34.40430666666667 -89.57585833333333 101.6 -21.106954885446754 -19.46459467747648 2.799999999999997 0.078583
34.404403333333335 -89.57583666666666 97.6 -19.118618555244478 -8.712723332805874 -1.2000000000000028 -0.97958
34.404424999999996 -89.57577 98.9 -13.000660618314678 -6.30282113467787 0.10000000000000853 -0.0023333
34.404223333333334 -89.57574333333332 99.6 -10.553477442141318 -28.733449286946268 0.7999999999999972 0.063083
34.40441333333333 -89.57568166666667 97.2 -4.894366351180139 -7.6004607796058865 -1.5999999999999943 0.0
34.404340000000005 -89.57563833333333 99.4 -0.917693690773317 -15.757052834408716 0.6000000000000085 0.022479
34.404271666666666 -89.57565166666667 100.5 -2.141285278860239 -23.357513614756567 1.7000000000000028 0.041271
34.40423333333333 -89.57575166666666 96.5 -11.318222184257701 -27.621186734797597 -2.299999999999997 0.067542
34.404255 -89.57582 98.2 -17.58912907101219 -25.21128453665057 -0.5999999999999943 0.090854
34.40431 -89.57585833333333 101.9 -21.106954885446754 -19.093840494018455 3.1000000000000085 0.080667
34.404405 -89.57583833333335 97.4 -19.27156750623622 -8.52734624072378 -1.3999999999999915 0.10573
34.40442666666667 -89.57577166666667 98.6 -13.153609566971445 -6.117444040827053 -0.20000000000000284 -0.0028333
34.404221666666665 -89.57574000000001 99.1 -10.247579547162777 -28.91882637973761 0.29999999999999716 0.063583
34.40441666666666 -89.57568333333332 97.6 -5.047315297501918 -7.229706595795545 -1.2000000000000028 0.0
34.404340000000005 -89.57563833333333 99.4 -0.917693690773317 -15.757052834408716 0.6000000000000085 0.022521
34.404271666666666 -89.57565166666667 100.5 -2.141285278860239 -23.357513614756567 1.7000000000000028 0.041375
34.40423333333333 -89.57575166666666 96.5 -11.318222184257701 -27.621186734797597 -2.299999999999997 0.067625
34.404255 -89.57582 98.2 -17.58912907101219 -25.21128453665057 -0.5999999999999943 0.090958
34.40431 -89.57585833333333 101.9 -21.106954885446754 -19.093840494018455 3.1000000000000085 0.080833
34.404405 -89.57583833333335 97.3 -19.27156750623622 -8.52734624072378 -1.5 -0.12177
34.40442666666667 -89.57577166666667 98.7 -13.153609566971445 -6.117444040827053 -0.09999999999999432 -0.0027708
34.404221666666665 -89.57574000000001 99.1 -10.247579547162777 -28.91882637973761 0.29999999999999716 0.063646
34.40441666666666 -89.57568333333332 97.6 -5.047315297501918 -7.229706595795545 -1.2000000000000028 0.0
34.404340000000005 -89.57563833333333 99.4 -0.917693690773317 -15.757052834408716 0.6000000000000085 0.022667
34.404271666666666 -89.57565166666667 100.5 -2.141285278860239 -23.357513614756567 1.7000000000000028 0.041521
34.40423333333333 -89.57575166666666 96.5 -11.318222184257701 -27.621186734797597 -2.299999999999997 0.067708
34.404255 -89.57582 98.2 -17.58912907101219 -25.21128453665057 -0.5999999999999943 0.091021
34.40430833333333 -89.57586 101.9 -21.259903834103458 -19.279217586808745 3.1000000000000085 0.080896
34.404405 -89.57583833333335 97.3 -19.27156750623622 -8.52734624072378 -1.5 0.22817
34.40442666666667 -89.57577166666667 98.7 -13.153609566971445 -6.117444040827053 -0.09999999999999432 -0.0027917
34.404221666666665 -89.57574000000001 99.1 -10.247579547162777 -28.91882637973761 0.29999999999999716 0.063729
34.40441666666666 -89.57568333333332 97.6 -5.047315297501918 -7.229706595795545 -1.2000000000000028 0.0
34.404340000000005 -89.57563833333333 99.4 -0.917693690773317 -15.757052834408716 0.6000000000000085 0.022625
34.404271666666666 -89.57565166666667 100.6 -2.141285278860239 -23.357513614756567 1.7999999999999972 0.041479
34.40423333333333 -89.57575166666666 96.5 -11.318222184257701 -27.621186734797597 -2.299999999999997 0.067687
34.404255 -89.57582 98.2 -17.58912907101219 -25.21128453665057 -0.5999999999999943 0.091083
34.40430833333333 -89.57586 101.9 -21.259903834103458 -19.279217586808745 3.1000000000000085 0.080896
34.404405 -89.57583833333335 97.3 -19.27156750623622 -8.52734624072378 -1.5 0.54898
34.40442666666667 -89.57577166666667 98.7 -13.153609566971445 -6.117444040827053 -0.09999999999999432 -0.0028958
34.404221666666665 -89.57574000000001 99.1 -10.247579547162777 -28.91882637973761 0.29999999999999716 0.063729
34.40441666666666 -89.57568333333332 97.6 -5.047315297501918 -7.229706595795545 -1.2000000000000028 0.0
34.404340000000005 -89.57563999999999 99.4 -1.0706426394301212 -15.757052834408716 0.6000000000000085 0.022667
34.404271666666666 -89.57565166666667 100.6 -2.141285278860239 -23.357513614756567 1.7999999999999972 0.041542
34.40423333333333 -89.57575166666666 96.5 -11.318222184257701 -27.621186734797597 -2.299999999999997 0.067771
34.404255 -89.57582 98.2 -17.58912907101219 -25.21128453665057 -0.5999999999999943 0.091146
34.40430833333333 -89.57586 101.9 -21.259903834103458 -19.279217586808745 3.1000000000000085 0.080958
34.40440666666667 -89.57583833333335 97.3 -19.27156750623622 -8.341969148287928 -1.5 0.48758
34.40442666666667 -89.57577333333332 98.7 -13.306558513293192 -6.117444040827053 -0.09999999999999432 -0.0029375
34.404221666666665 -89.57574000000001 99.0 -10.247579547162777 -28.91882637973761 0.20000000000000284 0.063792
34.40441833333333 -89.57568333333332 97.6 -5.047315297501918 -7.044329503359742 -1.2000000000000028 0.0
