-695.7474809911955 182.22568160645724 304.8 0
-36.91772934127339 7.2297065943805 113.5 1.56337500000000
-13.275210893274169 7.044329502298458 276.5 1.59270833333333
-288.13529164620877 114.37766587163034 251.3    0.83531250000000
-326.44375735402014 116.4168138859271 43.80000000000001    0.85722916666667
-723.3093473681339 181.8549274224959 284.9    0
-1.0114446394670844 -16.683938295882626 89.5   -0.33035416666667
-5.057223197425752 7.785837871334185 281.9   -0.31075000000000
-243.12600520019464 101.40126941943477 254.3   -0.39270833333333
-273.469344377728 82.12205183383337 62.0   -0.36302083333333
-689.6788131645784 175.9228604731832 293.1    0
12.390196833740983 -2.780656383705301 94.80000000000001   -2.04256250000000
11.125891034377588 13.90328191252315 278.9   -2.05066666666667
-227.06932155146495 103.06966324909433 230.8   -1.39429166666667
-268.15926002178344 104.92343417051418 35.599999999999994   -1.31772916666667
-689.1730908456655 174.62522082847264 287.9    0
13.275210893334487 0.5561312762457775 96.10000000000002   -2.04179166666667
6.321528996819781 12.605642267946862 278.8   -2.04037500000000
-233.13798938725083 98.43523594434434 244.10000000000002   -1.39460416666667
-263.3548979853951 104.92343417051418 36.900000000000006   -1.32177083333333
-690.6902578023705 174.25446664381616 290.8    0
10.873029874541082 0.5561312762457775 90.60000000000002   -2.05027083333333
9.608724075177536 10.38111716119132 276.8   -2.05525000000000
-229.21864140996672 97.69372757557505 223.8   -1.39891666666667
-260.06770290783345 103.06966324909433 38.30000000000001   -1.32820833333333
-693.2188693967836 175.18135210457413 293.2    0
13.78093321303754 4.263673120007174 89.89999999999998   -2.05697916666667
12.137335673874345 6.67357531813439 279.1   -2.06966666666667
-217.3341668980845 107.70409055283757 225.8   -1.40670833333333
-256.4012160905702 104.92343417051418 37.599999999999994   -1.34245833333333
-693.0924388170653 174.439843736675 294.3    0
-3.6664868181284445 10.010362977734516 90.39999999999998   -2.05497916666667
11.758043934074381 3.707541842700005 279.2   -2.06743750000000
-296.10041817978737 30.216466024325054 398.70000000000005   -1.41243750000000
-254.50475739194707 105.85031963069677 36.5   -1.35466666666667
-693.0924388170653 171.65918735300585 292.0    0
-1.8964586990309356 6.488198226052368 88.89999999999998   -2.05187500000000
12.643057993607615 12.23488808307478 282.0   -2.06487500000000
-212.782666021107 96.95221920751467 215.39999999999998   -1.41966666666667
-258.1712442092531 99.36212140521936 35.80000000000001   -1.36400000000000
-694.2303140345581 170.17617061652456 293.8    0
12.643057993607615 6.117444042242097 87.39999999999998   -2.05556250000000
8.217987695850367 14.27403609774919 280.9   -2.05656250000000
-226.05787691215144 83.9758227551638 597.1   -1.42575000000000
-219.86277849638492 83.6050685699066 38.400000000000006   -1.36777083333333
-694.8624669331458 169.24928515543255 295.0    0
9.482293495214034 5.746689858078084 83.0   -2.05229166666667
5.815806677056145 12.049510990992522 280.9   -2.05370833333333
-214.0469718202672 97.50835048382517 229.5   -1.42179166666667
-230.3565166292149 110.2993698430717 46.400000000000006   -1.36293750000000
-698.5289537450062 168.32239969328276 294.0    0
-5.5629455171592435 4.819804396960614 80.5   -2.05720833333333
4.4250702977588725 11.493379714745796 281.4   -2.05358333333333
-236.29875388505968 78.78526417432396 533.4   -1.42227083333333
-230.3565166292149 108.63097601373445 46.80000000000001   -1.36118750000000
-699.1611066435805 171.47381026085677 295.1    0
3.1607644984250824 10.751871346416962 81.80000000000001   -2.05847916666667
2.40218101876447 10.38111716119132 281.9   -2.04706250000000
-282.193054390899 50.422569070865606 735.1   -1.42256250000000
-233.01155880737193 108.81635310619713 47.099999999999994   -1.36052083333333
-696.6324950492415 169.80541643222884 295.7    0
3.9193479780253626 8.341969147580405 82.39999999999998   -2.05004166666667
2.0228892789944797 11.493379714745796 282.4   -2.04010416666667
-305.2034199322598 60.61830914106595 641.0   -1.41264583333333
-234.9080175060355 109.92861565849871 43.19999999999999   -1.35183333333333
-693.8510222953744 165.72712040395191 289.3    0
5.942237257019674 7.785837871334185 82.30000000000001   -2.04885416666667
7.712265376116939 16.127807019281253 279.4   -2.05285416666667
-278.40013699386157 54.500865098575034 687.3   -1.39933333333333
-238.0687820038048 111.04087821257247 41.69999999999999   -1.34664583333333
-693.7245917156563 171.2884331694153 289.5    0
0.7585834796304726 5.005181489042594 82.89999999999998   -2.04566666666667
5.689376097152932 12.976396451757697 278.5   -2.04443750000000
-281.5609014914099 58.02302985109903 677.0   -1.39206250000000
-240.09167128235995 112.33851785734524 42.599999999999994   -1.34479166666667
-691.5752718604083 172.21531862910027 292.2    0
6.574390156686515 6.488198226052368 85.69999999999999   -2.04414583333333
11.631613354110897 14.459413189477827 279.7   -2.05579166666667
-221.6328066151772 97.13759629997185 225.7   -1.38185416666667
-241.35597708146466 113.82153459494165 47.0   -1.33889583333333
-691.4488412806586 170.36154770796517 291.6    0
9.735154655080722 4.6344273048786375 84.89999999999998   -2.04327083333333
9.988015814947406 17.05469248004778 278.5   -2.05316666666667
-224.5407099531932 96.58146502295433 245.5   -1.37431250000000
-251.34399289426773 113.4507804103651 43.5   -1.33343750000000