34.404356666666665 -89.57551833333333 98.0 10.094630597338485 -13.903281913938194 -0.7999999999999972
34.404356666666665 -89.57551833333333 98.0 10.094630597338485 -13.903281913938194 -0.7999999999999972
34.404356666666665 -89.57551833333333 98.0 10.094630597338485 -13.903281913938194 -0.7999999999999972
34.404356666666665 -89.57551833333333 98.0 10.094630597338485 -13.903281913938194 -0.7999999999999972
34.404356666666665 -89.57551833333333 98.0 10.094630597338485 -13.903281913938194 -0.7999999999999972
34.404356666666665 -89.57551833333333 98.0 10.094630597338485 -13.903281913938194 -0.7999999999999972
34.404356666666665 -89.57551833333333 97.9 10.094630597338485 -13.903281913938194 -0.8999999999999915
34.404356666666665 -89.57551833333333 97.9 10.094630597338485 -13.903281913938194 -0.8999999999999915
34.404356666666665 -89.57551833333333 97.9 10.094630597338485 -13.903281913938194 -0.8999999999999915
34.404356666666665 -89.57551833333333 97.9 10.094630597338485 -13.903281913938194 -0.8999999999999915
34.404356666666665 -89.57551833333333 97.9 10.094630597338485 -13.903281913938194 -0.8999999999999915
34.404355 -89.57551833333333 97.9 10.094630597338485 -14.088659004959284 -0.8999999999999915
34.404355 -89.57551833333333 97.9 10.094630597338485 -14.088659004959284 -0.8999999999999915
34.404355 -89.57551833333333 97.9 10.094630597338485 -14.088659004959284 -0.8999999999999915
34.404355 -89.57551833333333 97.9 10.094630597338485 -14.088659004959284 -0.8999999999999915
34.404355 -89.57551833333333 97.9 10.094630597338485 -14.088659004959284 -0.8999999999999915
34.40435333333333 -89.57552 97.5 9.941681649849214 -14.27403609774919 -1.2999999999999972
34.40435333333333 -89.57551833333333 97.5 10.094630597338485 -14.27403609774919 -1.2999999999999972
34.40435333333333 -89.57551833333333 97.5 10.094630597338485 -14.27403609774919 -1.2999999999999972
34.40435166666667 -89.57551833333333 97.5 10.094630597338485 -14.459413189477827 -1.2999999999999972
34.40435166666667 -89.57551833333333 97.5 10.094630597338485 -14.459413189477827 -1.2999999999999972
34.40435 -89.57551833333333 97.6 10.094630597338485 -14.644790281913998 -1.2000000000000028
34.40435 -89.57551833333333 97.6 10.094630597338485 -14.644790281913998 -1.2000000000000028
34.40435 -89.57551833333333 97.5 10.094630597338485 -14.644790281913998 -1.2999999999999972
34.40435 -89.57551833333333 97.6 10.094630597338485 -14.644790281913998 -1.2000000000000028
34.40435 -89.57551833333333 97.6 10.094630597338485 -14.644790281913998 -1.2000000000000028
34.404329999999995 -89.57562333333333 97.8 0.4588468471379236 -16.869315389026482 -1.0
34.404329999999995 -89.575625 97.8 0.30589789731360906 -16.869315389026482 -1.0
34.404329999999995 -89.575625 97.8 0.30589789731360906 -16.869315389026482 -1.0
34.404329999999995 -89.575625 97.9 0.30589789731360906 -16.869315389026482 -0.8999999999999915
34.404329999999995 -89.575625 97.9 0.30589789731360906 -16.869315389026482 -0.8999999999999915
34.404333333333334 -89.57563 98.6 -0.15294894865680453 -16.49856120415384 -0.20000000000000284
34.404333333333334 -89.57563 98.6 -0.15294894865680453 -16.49856120415384 -0.20000000000000284
34.404333333333334 -89.57563 98.6 -0.15294894865680453 -16.49856120415384 -0.20000000000000284
34.404333333333334 -89.57563 98.6 -0.15294894865680453 -16.49856120415384 -0.20000000000000284
34.404333333333334 -89.57563 98.6 -0.15294894865680453 -16.49856120415384 -0.20000000000000284
34.404334999999996 -89.57563166666665 98.9 -0.30589789497858905 -16.313184112425056 0.10000000000000853
34.404334999999996 -89.57563166666665 98.9 -0.30589789497858905 -16.313184112425056 0.10000000000000853
34.404334999999996 -89.57563166666665 99.0 -0.30589789497858905 -16.313184112425056 0.20000000000000284
34.404334999999996 -89.57563166666665 99.0 -0.30589789497858905 -16.313184112425056 0.20000000000000284
34.404334999999996 -89.57563166666665 98.9 -0.30589789497858905 -16.313184112425056 0.10000000000000853
34.404333333333334 -89.57563166666665 99.0 -0.30589789497858905 -16.49856120415384 0.20000000000000284
34.404333333333334 -89.57563166666665 99.0 -0.30589789497858905 -16.49856120415384 0.20000000000000284
34.404333333333334 -89.57563166666665 99.1 -0.30589789497858905 -16.49856120415384 0.29999999999999716
34.404333333333334 -89.57563166666665 99.1 -0.30589789497858905 -16.49856120415384 0.29999999999999716
34.404333333333334 -89.57563166666665 99.1 -0.30589789497858905 -16.49856120415384 0.29999999999999716
34.40433666666667 -89.57563499999999 99.2 -0.611795792292198 -16.127807019281253 0.4000000000000057
34.40433666666667 -89.57563499999999 99.2 -0.611795792292198 -16.127807019281253 0.4000000000000057
34.40433666666667 -89.57563499999999 99.2 -0.611795792292198 -16.127807019281253 0.4000000000000057
34.40433666666667 -89.57563499999999 99.3 -0.611795792292198 -16.127807019281253 0.5
34.40433666666667 -89.57563499999999 99.3 -0.611795792292198 -16.127807019281253 0.5
34.404338333333335 -89.57563499999999 99.3 -0.611795792292198 -15.942429927552498 0.5
34.40423166666667 -89.57557166666666 99.2 5.200264248493737 -27.806563826527523 0.4000000000000057
34.40423 -89.57557166666666 99.2 5.200264248493737 -27.991940918611224 0.4000000000000057
34.40423 -89.57557166666666 99.2 5.200264248493737 -27.991940918611224 0.4000000000000057
34.40423 -89.57557166666666 99.2 5.200264248493737 -27.991940918611224 0.4000000000000057
34.40423 -89.57557166666666 99.2 5.200264248493737 -27.991940918611224 0.4000000000000057
34.40423 -89.57557166666666 99.2 5.200264248493737 -27.991940918611224 0.4000000000000057
34.404226666666666 -89.57557166666666 99.2 5.200264248493737 -28.362695102778698 0.4000000000000057
34.404226666666666 -89.57557166666666 99.2 5.200264248493737 -28.362695102778698 0.4000000000000057
34.404226666666666 -89.57557166666666 99.2 5.200264248493737 -28.362695102778698 0.4000000000000057
34.404226666666666 -89.57557166666666 99.2 5.200264248493737 -28.362695102778698 0.4000000000000057
34.404226666666666 -89.57557166666666 99.2 5.200264248493737 -28.362695102778698 0.4000000000000057
34.404225 -89.57557166666666 99.3 5.200264248493737 -28.54807219556999 0.5
34.404225 -89.57557166666666 99.3 5.200264248493737 -28.54807219556999 0.5
34.404225 -89.57557166666666 99.3 5.200264248493737 -28.54807219556999 0.5
34.404223333333334 -89.57557166666666 99.3 5.200264248493737 -28.733449286946268 0.5
34.404223333333334 -89.57557166666666 99.3 5.200264248493737 -28.733449286946268 0.5
34.40421666666667 -89.57557166666666 99.2 5.200264248493737 -29.474957655635468 0.4000000000000057
34.40421666666667 -89.57557333333334 99.2 5.047315298669428 -29.474957655635468 0.4000000000000057
34.40421666666667 -89.57557333333334 99.2 5.047315298669428 -29.474957655635468 0.4000000000000057
34.404215 -89.57557333333334 99.2 5.047315298669428 -29.66033474771939 0.4000000000000057
34.404215 -89.57557333333334 99.2 5.047315298669428 -29.66033474771939 0.4000000000000057
34.40421166666667 -89.57557333333334 98.8 5.047315298669428 -30.031088931887304 0.0
34.40421166666667 -89.57557333333334 98.7 5.047315298669428 -30.031088931887304 -0.09999999999999432
34.40421166666667 -89.57557333333334 98.7 5.047315298669428 -30.031088931887304 -0.09999999999999432
34.40421166666667 -89.57557333333334 98.7 5.047315298669428 -30.031088931887304 -0.09999999999999432
34.40421166666667 -89.57557333333334 98.7 5.047315298669428 -30.031088931887304 -0.09999999999999432
34.40425833333334 -89.57564166666667 100.0 -1.2235915869194156 -24.840530351068814 1.2000000000000028
34.40425833333334 -89.57564166666667 100.0 -1.2235915869194156 -24.840530351068814 1.2000000000000028
34.40425833333334 -89.57564166666667 100.0 -1.2235915869194156 -24.840530351068814 1.2000000000000028
34.40425833333334 -89.57564166666667 100.0 -1.2235915869194156 -24.840530351068814 1.2000000000000028
34.40425833333334 -89.57564166666667 100.0 -1.2235915869194156 -24.840530351068814 1.2000000000000028
34.40426 -89.57564499999998 100.2 -1.5294894818980036 -24.655153259693012 1.4000000000000057
34.40426 -89.57564499999998 100.2 -1.5294894818980036 -24.655153259693012 1.4000000000000057
34.40426 -89.57564499999998 100.2 -1.5294894818980036 -24.655153259693012 1.4000000000000057
34.40426 -89.57564499999998 100.2 -1.5294894818980036 -24.655153259693012 1.4000000000000057
34.40426 -89.57564499999998 100.2 -1.5294894818980036 -24.655153259693012 1.4000000000000057
34.40426 -89.57564499999998 100.3 -1.5294894818980036 -24.655153259693012 1.5
34.40426 -89.57564666666667 100.2 -1.6824384328898276 -24.655153259693012 1.4000000000000057
34.40426 -89.57564666666667 100.3 -1.6824384328898276 -24.655153259693012 1.5
34.40426 -89.57564666666667 100.3 -1.6824384328898276 -24.655153259693012 1.5
34.40426 -89.57564666666667 100.3 -1.6824384328898276 -24.655153259693012 1.5
34.40426166666667 -89.57564499999998 100.4 -1.5294894818980036 -24.469776166902186 1.6000000000000085
34.40426166666667 -89.57564499999998 100.4 -1.5294894818980036 -24.469776166902186 1.6000000000000085
34.40426166666667 -89.57564499999998 100.4 -1.5294894818980036 -24.469776166902186 1.6000000000000085
34.40426166666667 -89.57564499999998 100.4 -1.5294894818980036 -24.469776166902186 1.6000000000000085
34.40426166666667 -89.57564499999998 100.4 -1.5294894818980036 -24.469776166902186 1.6000000000000085
34.404265 -89.57564666666667 100.4 -1.6824384328898276 -24.099021982735646 1.6000000000000085
34.404265 -89.57564666666667 100.4 -1.6824384328898276 -24.099021982735646 1.6000000000000085
34.404265 -89.57564666666667 100.4 -1.6824384328898276 -24.099021982735646 1.6000000000000085
34.404265 -89.57564666666667 100.4 -1.6824384328898276 -24.099021982735646 1.6000000000000085
34.404265 -89.57564666666667 100.4 -1.6824384328898276 -24.099021982735646 1.6000000000000085
34.404266666666665 -89.57564833333332 100.4 -1.835387379211612 -23.9136448906524 1.6000000000000085
34.404149999999994 -89.57572666666668 96.3 -9.023987959076015 -36.89004134325855 -2.5
34.404149999999994 -89.57572499999999 96.3 -8.871039008084207 -36.89004134325855 -2.5
34.404149999999994 -89.57572499999999 96.3 -8.871039008084207 -36.89004134325855 -2.5
34.404149999999994 -89.57572499999999 96.3 -8.871039008084207 -36.89004134325855 -2.5
34.404149999999994 -89.57572499999999 96.3 -8.871039008084207 -36.89004134325855 -2.5
34.404149999999994 -89.57572666666668 96.3 -9.023987959076015 -36.89004134325855 -2.5
34.404149999999994 -89.57572666666668 96.2 -9.023987959076015 -36.89004134325855 -2.5999999999999943
34.404149999999994 -89.57572666666668 96.3 -9.023987959076015 -36.89004134325855 -2.5
34.404149999999994 -89.57572666666668 96.3 -9.023987959076015 -36.89004134325855 -2.5
34.404149999999994 -89.57572666666668 96.2 -9.023987959076015 -36.89004134325855 -2.5999999999999943
34.404149999999994 -89.57572666666668 96.3 -9.023987959076015 -36.89004134325855 -2.5
34.40414833333333 -89.57572666666668 96.3 -9.023987959076015 -37.075418435343614 -2.5
34.404149999999994 -89.57572666666668 96.3 -9.023987959076015 -36.89004134325855 -2.5
34.404149999999994 -89.57572666666668 96.4 -9.023987959076015 -36.89004134325855 -2.3999999999999915
34.404149999999994 -89.57572666666668 96.4 -9.023987959076015 -36.89004134325855 -2.3999999999999915
34.404149999999994 -89.57572666666668 96.4 -9.023987959076015 -36.89004134325855 -2.3999999999999915
34.404151666666664 -89.57572833333333 96.6 -9.176936905397781 -36.70466425117354 -2.200000000000003
34.404151666666664 -89.57572666666668 96.6 -9.023987959076015 -36.70466425117354 -2.200000000000003
34.404151666666664 -89.57572666666668 96.6 -9.023987959076015 -36.70466425117354 -2.200000000000003
34.404151666666664 -89.57572666666668 96.6 -9.023987959076015 -36.70466425117354 -2.200000000000003
34.404151666666664 -89.57572666666668 96.6 -9.023987959076015 -36.70466425117354 -2.200000000000003
34.404154999999996 -89.57572666666668 96.9 -9.023987959076015 -36.33391006735737 -1.8999999999999915
34.404154999999996 -89.57572666666668 96.9 -9.023987959076015 -36.33391006735737 -1.8999999999999915
34.404154999999996 -89.57572666666668 96.9 -9.023987959076015 -36.33391006735737 -1.8999999999999915
34.404154999999996 -89.57572666666668 96.9 -9.023987959076015 -36.33391006735737 -1.8999999999999915
34.40415666666667 -89.57572666666668 96.9 -9.023987959076015 -36.14853297421116 -1.8999999999999915
34.404225 -89.57574500000001 96.2 -10.7064263907981 -28.54807219556999 -2.5999999999999943
34.404225 -89.57574500000001 96.2 -10.7064263907981 -28.54807219556999 -2.5999999999999943
34.404225 -89.57574500000001 96.2 -10.7064263907981 -28.54807219556999 -2.5999999999999943
34.404225 -89.57574500000001 96.2 -10.7064263907981 -28.54807219556999 -2.5999999999999943
34.404225 -89.57574500000001 96.2 -10.7064263907981 -28.54807219556999 -2.5999999999999943
34.404223333333334 -89.57574333333332 95.9 -10.553477440973808 -28.733449286946268 -2.8999999999999915
34.404223333333334 -89.57574333333332 95.9 -10.553477440973808 -28.733449286946268 -2.8999999999999915
34.404223333333334 -89.57574333333332 95.9 -10.553477440973808 -28.733449286946268 -2.8999999999999915
34.404223333333334 -89.57574333333332 95.9 -10.553477440973808 -28.733449286946268 -2.8999999999999915
34.404223333333334 -89.57574333333332 95.9 -10.553477440973808 -28.733449286946268 -2.8999999999999915
34.404223333333334 -89.57574333333332 95.8 -10.553477440973808 -28.733449286946268 -3.0
34.404223333333334 -89.57574333333332 95.8 -10.553477440973808 -28.733449286946268 -3.0
34.404223333333334 -89.57574333333332 95.8 -10.553477440973808 -28.733449286946268 -3.0
34.404223333333334 -89.57574333333332 95.8 -10.553477440973808 -28.733449286946268 -3.0
34.404223333333334 -89.57574333333332 95.8 -10.553477440973808 -28.733449286946268 -3.0
34.404221666666665 -89.57574333333332 95.8 -10.553477440973808 -28.91882637973761 -3.0
34.404221666666665 -89.57574333333332 95.8 -10.553477440973808 -28.91882637973761 -3.0
34.404221666666665 -89.57574333333332 95.8 -10.553477440973808 -28.91882637973761 -3.0
34.404221666666665 -89.57574333333332 95.8 -10.553477440973808 -28.91882637973761 -3.0
34.404221666666665 -89.57574333333332 95.8 -10.553477440973808 -28.91882637973761 -3.0
34.404225 -89.57574666666666 96.0 -10.859375338287366 -28.54807219556999 -2.799999999999997
34.404225 -89.57574666666666 96.0 -10.859375338287366 -28.54807219556999 -2.799999999999997
34.404225 -89.57574666666666 96.0 -10.859375338287366 -28.54807219556999 -2.799999999999997
34.404225 -89.57574666666666 96.1 -10.859375338287366 -28.54807219556999 -2.700000000000003
34.404225 -89.57574666666666 96.1 -10.859375338287366 -28.54807219556999 -2.700000000000003
34.404226666666666 -89.57574833333335 96.2 -11.012324289279167 -28.362695102778698 -2.5999999999999943
34.404181666666666 -89.57586166666667 99.9 -21.41285278159265 -33.367876591879615 1.1000000000000085
34.404181666666666 -89.57586166666667 99.9 -21.41285278159265 -33.367876591879615 1.1000000000000085
34.404181666666666 -89.57586166666667 99.9 -21.41285278159265 -33.367876591879615 1.1000000000000085
34.404181666666666 -89.57586166666667 99.9 -21.41285278159265 -33.367876591879615 1.1000000000000085
34.404181666666666 -89.57586166666667 99.9 -21.41285278159265 -33.367876591879615 1.1000000000000085
34.404181666666666 -89.57586166666667 99.8 -21.41285278159265 -33.367876591879615 1.0
34.404181666666666 -89.57586 99.8 -21.25990383293595 -33.367876591879615 1.0
34.404181666666666 -89.57586 99.8 -21.25990383293595 -33.367876591879615 1.0
34.404181666666666 -89.57586 99.8 -21.25990383293595 -33.367876591879615 1.0
34.404181666666666 -89.57586 99.8 -21.25990383293595 -33.367876591879615 1.0
34.404181666666666 -89.57586 99.8 -21.25990383293595 -33.367876591879615 1.0
34.404183333333336 -89.57586 99.7 -21.25990383293595 -33.182499498733875 0.9000000000000057
34.404183333333336 -89.57586 99.7 -21.25990383293595 -33.182499498733875 0.9000000000000057
34.404183333333336 -89.57586 99.7 -21.25990383293595 -33.182499498733875 0.9000000000000057
34.404183333333336 -89.57586 99.7 -21.25990383293595 -33.182499498733875 0.9000000000000057
34.404183333333336 -89.57586 99.7 -21.25990383293595 -33.182499498733875 0.9000000000000057
34.404183333333336 -89.57585833333333 99.4 -21.106954884279244 -33.182499498733875 0.6000000000000085
34.404183333333336 -89.57585833333333 99.4 -21.106954884279244 -33.182499498733875 0.6000000000000085
34.404183333333336 -89.57585833333333 99.4 -21.106954884279244 -33.182499498733875 0.6000000000000085
34.404183333333336 -89.57585833333333 99.3 -21.106954884279244 -33.182499498733875 0.5
34.404183333333336 -89.57585833333333 99.3 -21.106954884279244 -33.182499498733875 0.5
34.404183333333336 -89.57585833333333 98.8 -21.106954884279244 -33.182499498733875 0.0
34.404181666666666 -89.57585833333333 98.8 -21.106954884279244 -33.367876591879615 0.0
34.404181666666666 -89.57585833333333 98.8 -21.106954884279244 -33.367876591879615 0.0
34.404181666666666 -89.57585833333333 98.8 -21.106954884279244 -33.367876591879615 0.0
34.404181666666666 -89.57585833333333 98.8 -21.106954884279244 -33.367876591879615 0.0
34.404248333333335 -89.57581666666668 97.6 -17.28323117486623 -25.95279290463048 -1.2000000000000028
34.404248333333335 -89.57581666666668 97.6 -17.28323117486623 -25.95279290463048 -1.2000000000000028
34.404248333333335 -89.57581666666668 97.6 -17.28323117486623 -25.95279290463048 -1.2000000000000028
34.404248333333335 -89.57581666666668 97.6 -17.28323117486623 -25.95279290463048 -1.2000000000000028
34.404248333333335 -89.57581666666668 97.6 -17.28323117486623 -25.95279290463048 -1.2000000000000028
34.404248333333335 -89.57581499999999 97.6 -17.13028222387447 -25.95279290463048 -1.2000000000000028
34.404248333333335 -89.57581499999999 97.6 -17.13028222387447 -25.95279290463048 -1.2000000000000028
34.404248333333335 -89.57581499999999 97.6 -17.13028222387447 -25.95279290463048 -1.2000000000000028
34.404248333333335 -89.57581499999999 97.7 -17.13028222387447 -25.95279290463048 -1.0999999999999943
34.404248333333335 -89.57581499999999 97.7 -17.13028222387447 -25.95279290463048 -1.0999999999999943
34.404248333333335 -89.57581499999999 97.8 -17.13028222387447 -25.95279290463048 -1.0
34.404248333333335 -89.57581499999999 97.8 -17.13028222387447 -25.95279290463048 -1.0
34.404248333333335 -89.57581499999999 97.8 -17.13028222387447 -25.95279290463048 -1.0
34.404248333333335 -89.57581499999999 97.8 -17.13028222387447 -25.95279290463048 -1.0
34.404248333333335 -89.57581499999999 97.8 -17.13028222387447 -25.95279290463048 -1.0
34.404248333333335 -89.57581499999999 98.0 -17.13028222387447 -25.95279290463048 -0.7999999999999972
34.404248333333335 -89.57581499999999 98.0 -17.13028222387447 -25.95279290463048 -0.7999999999999972
34.404248333333335 -89.57581499999999 98.0 -17.13028222387447 -25.95279290463048 -0.7999999999999972
34.404248333333335 -89.57581499999999 98.0 -17.13028222387447 -25.95279290463048 -0.7999999999999972
34.404248333333335 -89.57581499999999 98.0 -17.13028222387447 -25.95279290463048 -0.7999999999999972
34.40425166666667 -89.57581666666668 98.1 -17.28323117486623 -25.582038720817362 -0.7000000000000028
34.40425166666667 -89.57581666666668 98.1 -17.28323117486623 -25.582038720817362 -0.7000000000000028
34.40425166666667 -89.57581666666668 98.1 -17.28323117486623 -25.582038720817362 -0.7000000000000028
34.40425166666667 -89.57581666666668 98.2 -17.28323117486623 -25.582038720817362 -0.5999999999999943
34.40425166666667 -89.57581666666668 98.2 -17.28323117486623 -25.582038720817362 -0.5999999999999943
34.40425166666667 -89.57581833333333 98.2 -17.43618012118795 -25.582038720817362 -0.5999999999999943
34.40430333333334 -89.575965 100.5 -30.89568758429494 -19.835348862349615 1.7000000000000028
34.40430333333334 -89.575965 100.5 -30.89568758429494 -19.835348862349615 1.7000000000000028
34.40430333333334 -89.575965 100.5 -30.89568758429494 -19.835348862349615 1.7000000000000028
34.40430333333334 -89.575965 100.5 -30.89568758429494 -19.835348862349615 1.7000000000000028
34.40430333333334 -89.575965 100.5 -30.89568758429494 -19.835348862349615 1.7000000000000028
34.40430333333334 -89.575965 100.5 -30.89568758429494 -19.835348862349615 1.7000000000000028
34.40430166666667 -89.57596333333335 100.5 -30.74273863797338 -20.020725954786208 1.7000000000000028
34.40430166666667 -89.57596333333335 100.5 -30.74273863797338 -20.020725954786208 1.7000000000000028
34.40430166666667 -89.57596333333335 100.5 -30.74273863797338 -20.020725954786208 1.7000000000000028
34.40430166666667 -89.57596333333335 100.5 -30.74273863797338 -20.020725954786208 1.7000000000000028
34.40430166666667 -89.57596333333335 100.5 -30.74273863797338 -20.020725954786208 1.7000000000000028
34.4043 -89.57596333333335 100.5 -30.74273863797338 -20.206103047576583 1.7000000000000028
34.4043 -89.57596333333335 100.5 -30.74273863797338 -20.206103047576583 1.7000000000000028
34.4043 -89.57596333333335 100.6 -30.74273863797338 -20.206103047576583 1.7999999999999972
34.4043 -89.57596333333335 100.6 -30.74273863797338 -20.206103047576583 1.7999999999999972
34.4043 -89.57596333333335 100.5 -30.74273863797338 -20.206103047576583 1.7000000000000028
34.404295000000005 -89.57596166666666 100.7 -30.58978968698176 -20.76223432382523 1.9000000000000057
34.404295000000005 -89.57596166666666 100.7 -30.58978968698176 -20.76223432382523 1.9000000000000057
34.404295000000005 -89.57596 100.7 -30.43684073832516 -20.76223432382523 1.9000000000000057
34.404295000000005 -89.57596 100.7 -30.43684073832516 -20.76223432382523 1.9000000000000057
34.404295000000005 -89.57596 100.6 -30.43684073832516 -20.76223432382523 1.7999999999999972
34.404293333333335 -89.57596 100.8 -30.43684073832516 -20.94761141626191 2.0
34.404293333333335 -89.57596 100.8 -30.43684073832516 -20.94761141626191 2.0
34.404293333333335 -89.57596 100.7 -30.43684073832516 -20.94761141626191 1.9000000000000057
34.404293333333335 -89.57596 100.7 -30.43684073832516 -20.94761141626191 1.9000000000000057
34.404293333333335 -89.57596 100.7 -30.43684073832516 -20.94761141626191 1.9000000000000057
34.404305 -89.57586500000001 101.1 -21.718750678906055 -19.649971770974325 2.299999999999997
34.404305 -89.57586500000001 101.1 -21.718750678906055 -19.649971770974325 2.299999999999997
34.404305 -89.57586500000001 101.1 -21.718750678906055 -19.649971770974325 2.299999999999997
34.404305 -89.57586500000001 101.1 -21.718750678906055 -19.649971770974325 2.299999999999997
34.404305 -89.57586500000001 101.0 -21.718750678906055 -19.649971770974325 2.200000000000003
34.40430666666667 -89.57586166666667 100.9 -21.41285278159265 -19.46459467747648 2.1000000000000085
34.404305 -89.57586166666667 100.9 -21.41285278159265 -19.649971770974325 2.1000000000000085
34.404305 -89.57586166666667 100.9 -21.41285278159265 -19.649971770974325 2.1000000000000085
34.40430666666667 -89.57586166666667 100.9 -21.41285278159265 -19.46459467747648 2.1000000000000085
34.40430666666667 -89.57586166666667 100.9 -21.41285278159265 -19.46459467747648 2.1000000000000085
34.40430666666667 -89.57586166666667 101.0 -21.41285278159265 -19.46459467747648 2.200000000000003
34.40430666666667 -89.57586166666667 101.0 -21.41285278159265 -19.46459467747648 2.200000000000003
34.40430666666667 -89.57586166666667 101.0 -21.41285278159265 -19.46459467747648 2.200000000000003
34.40430666666667 -89.57586166666667 101.0 -21.41285278159265 -19.46459467747648 2.200000000000003
34.40430666666667 -89.57586166666667 101.0 -21.41285278159265 -19.46459467747648 2.200000000000003
34.40430666666667 -89.57586 101.2 -21.25990383293595 -19.46459467747648 2.4000000000000057
34.40430666666667 -89.57586 101.2 -21.25990383293595 -19.46459467747648 2.4000000000000057
34.40430666666667 -89.57586 101.2 -21.25990383293595 -19.46459467747648 2.4000000000000057
34.40430666666667 -89.57586 101.2 -21.25990383293595 -19.46459467747648 2.4000000000000057
34.40430666666667 -89.57586 101.2 -21.25990383293595 -19.46459467747648 2.4000000000000057
34.40430666666667 -89.57585833333333 101.3 -21.106954884279244 -19.46459467747648 2.5
34.40430666666667 -89.57585833333333 101.3 -21.106954884279244 -19.46459467747648 2.5
34.40430666666667 -89.57585833333333 101.3 -21.106954884279244 -19.46459467747648 2.5
34.40430666666667 -89.57585833333333 101.3 -21.106954884279244 -19.46459467747648 2.5
34.40430666666667 -89.57585833333333 101.4 -21.106954884279244 -19.46459467747648 2.6000000000000085
34.40430666666667 -89.57585833333333 101.6 -21.106954884279244 -19.46459467747648 2.799999999999997
34.404514999999996 -89.57577500000001 98.5 -13.459507463117465 3.7075418423462434 -0.29999999999999716
34.404514999999996 -89.57577500000001 98.5 -13.459507463117465 3.7075418423462434 -0.29999999999999716
34.404514999999996 -89.57577500000001 98.5 -13.459507463117465 3.7075418423462434 -0.29999999999999716
34.404514999999996 -89.57577500000001 98.5 -13.459507463117465 3.7075418423462434 -0.29999999999999716
34.404514999999996 -89.57577500000001 98.5 -13.459507463117465 3.7075418423462434 -0.29999999999999716
34.404514999999996 -89.57577333333332 98.5 -13.306558512125681 3.7075418423462434 -0.29999999999999716
34.404514999999996 -89.57577166666667 98.3 -13.153609565803935 3.7075418423462434 -0.5
34.404514999999996 -89.57577166666667 98.3 -13.153609565803935 3.7075418423462434 -0.5
34.404514999999996 -89.57577166666667 98.3 -13.153609565803935 3.7075418423462434 -0.5
34.404514999999996 -89.57577166666667 98.3 -13.153609565803935 3.7075418423462434 -0.5
34.404514999999996 -89.57577166666667 98.2 -13.153609565803935 3.7075418423462434 -0.5999999999999943
34.404514999999996 -89.57577166666667 98.1 -13.153609565803935 3.7075418423462434 -0.7000000000000028
34.40451333333333 -89.57577166666667 98.1 -13.153609565803935 3.5221647502642877 -0.7000000000000028
34.40451333333333 -89.57577166666667 98.1 -13.153609565803935 3.5221647502642877 -0.7000000000000028
34.404514999999996 -89.57577166666667 98.1 -13.153609565803935 3.7075418423462434 -0.7000000000000028
34.404514999999996 -89.57577166666667 98.1 -13.153609565803935 3.7075418423462434 -0.7000000000000028
34.404511666666664 -89.57577 98.0 -13.000660617147167 3.3367876581823355 -0.7999999999999972
34.404511666666664 -89.57577 98.0 -13.000660617147167 3.3367876581823355 -0.7999999999999972
34.40451333333333 -89.57577 98.0 -13.000660617147167 3.5221647502642877 -0.7999999999999972
34.40451333333333 -89.57577 98.0 -13.000660617147167 3.5221647502642877 -0.7999999999999972
34.40451333333333 -89.57577 98.0 -13.000660617147167 3.5221647502642877 -0.7999999999999972
34.404511666666664 -89.57576833333333 98.3 -12.847711668490401 3.3367876581823355 -0.5
34.404511666666664 -89.57576833333333 98.3 -12.847711668490401 3.3367876581823355 -0.5
34.404511666666664 -89.57576833333333 98.4 -12.847711668490401 3.3367876581823355 -0.3999999999999915
34.404511666666664 -89.57577 98.4 -13.000660617147167 3.3367876581823355 -0.3999999999999915
34.404511666666664 -89.57577 98.4 -13.000660617147167 3.3367876581823355 -0.3999999999999915
34.404430000000005 -89.57577 98.8 -13.000660617147167 -5.746689857016801 0.0
34.404430000000005 -89.57577 98.8 -13.000660617147167 -5.746689857016801 0.0
34.404430000000005 -89.57577 98.9 -13.000660617147167 -5.746689857016801 0.10000000000000853
34.404430000000005 -89.57577 98.9 -13.000660617147167 -5.746689857016801 0.10000000000000853
34.404430000000005 -89.57577 98.9 -13.000660617147167 -5.746689857016801 0.10000000000000853
34.404423333333334 -89.57577 98.9 -13.000660617147167 -6.488198226406129 0.10000000000000853
34.404423333333334 -89.57577 98.9 -13.000660617147167 -6.488198226406129 0.10000000000000853
34.404423333333334 -89.57577166666667 98.9 -13.153609565803935 -6.488198226406129 0.10000000000000853
34.404423333333334 -89.57577166666667 98.9 -13.153609565803935 -6.488198226406129 0.10000000000000853
34.404423333333334 -89.57577166666667 98.9 -13.153609565803935 -6.488198226406129 0.10000000000000853
34.404421666666664 -89.57577 98.9 -13.000660617147167 -6.673575319195675 0.10000000000000853
34.404421666666664 -89.57577166666667 98.8 -13.153609565803935 -6.673575319195675 0.0
34.404421666666664 -89.57577166666667 98.8 -13.153609565803935 -6.673575319195675 0.0
34.404421666666664 -89.57577166666667 98.8 -13.153609565803935 -6.673575319195675 0.0
34.404421666666664 -89.57577 98.8 -13.000660617147167 -6.673575319195675 0.0
34.404421666666664 -89.57577 98.8 -13.000660617147167 -6.673575319195675 0.0
34.404421666666664 -89.57577 98.8 -13.000660617147167 -6.673575319195675 0.0
34.404421666666664 -89.57577 98.8 -13.000660617147167 -6.673575319195675 0.0
34.404421666666664 -89.57577 98.9 -13.000660617147167 -6.673575319195675 0.10000000000000853
34.404421666666664 -89.57577 98.9 -13.000660617147167 -6.673575319195675 0.10000000000000853
34.404423333333334 -89.57577 99.0 -13.000660617147167 -6.488198226406129 0.20000000000000284
34.404423333333334 -89.57577 98.9 -13.000660617147167 -6.488198226406129 0.10000000000000853
34.404423333333334 -89.57577 98.9 -13.000660617147167 -6.488198226406129 0.10000000000000853
34.404423333333334 -89.57577 99.0 -13.000660617147167 -6.488198226406129 0.20000000000000284
34.404423333333334 -89.57577 99.0 -13.000660617147167 -6.488198226406129 0.20000000000000284
34.404424999999996 -89.57577 99.0 -13.000660617147167 -6.30282113467787 0.20000000000000284
34.404385000000005 -89.57581499999999 98.1 -17.13028222387447 -10.75187134570944 -0.7000000000000028
34.404385000000005 -89.57581499999999 98.1 -17.13028222387447 -10.75187134570944 -0.7000000000000028
34.404385000000005 -89.57581499999999 98.1 -17.13028222387447 -10.75187134570944 -0.7000000000000028
34.404385000000005 -89.57581499999999 98.1 -17.13028222387447 -10.75187134570944 -0.7000000000000028
34.404385000000005 -89.57581499999999 98.1 -17.13028222387447 -10.75187134570944 -0.7000000000000028
34.404385000000005 -89.57581499999999 98.1 -17.13028222387447 -10.75187134570944 -0.7000000000000028
34.404385000000005 -89.57581499999999 98.0 -17.13028222387447 -10.75187134570944 -0.7999999999999972
34.404385000000005 -89.57581499999999 98.0 -17.13028222387447 -10.75187134570944 -0.7999999999999972
34.404385000000005 -89.57581499999999 98.0 -17.13028222387447 -10.75187134570944 -0.7999999999999972
34.404385000000005 -89.57581499999999 98.0 -17.13028222387447 -10.75187134570944 -0.7999999999999972
34.404385000000005 -89.57581499999999 98.0 -17.13028222387447 -10.75187134570944 -0.7999999999999972
34.40419333333333 -89.57575833333334 98.1 -11.930017978884798 -32.070236947289025 -0.7000000000000028
34.40418666666667 -89.57575666666668 97.9 -11.777069030228025 -32.811745315272574 -0.8999999999999915
34.40418666666667 -89.57575666666668 97.9 -11.777069030228025 -32.811745315272574 -0.8999999999999915
34.40418666666667 -89.575755 97.9 -11.624120080403738 -32.811745315272574 -0.8999999999999915
34.40418666666667 -89.575755 97.9 -11.624120080403738 -32.811745315272574 -0.8999999999999915
34.40417 -89.57574833333335 98.9 -11.012324289279167 -34.665516236471575 0.10000000000000853
34.40417 -89.57574833333335 98.9 -11.012324289279167 -34.665516236471575 0.10000000000000853
34.40417 -89.57574833333335 98.9 -11.012324289279167 -34.665516236471575 0.10000000000000853
34.40417 -89.57574833333335 99.0 -11.012324289279167 -34.665516236471575 0.20000000000000284
34.40417 -89.57574833333335 99.0 -11.012324289279167 -34.665516236471575 0.20000000000000284
34.40416166666667 -89.57574166666667 99.8 -10.400528493484536 -35.592401697956575 1.0
34.40416166666667 -89.57574166666667 99.8 -10.400528493484536 -35.592401697956575 1.0
34.40416166666667 -89.57574166666667 99.8 -10.400528493484536 -35.592401697956575 1.0
34.40416166666667 -89.57574000000001 99.8 -10.247579545995267 -35.592401697956575 1.0
34.40416166666667 -89.57574000000001 99.9 -10.247579545995267 -35.592401697956575 1.1000000000000085
34.404215 -89.57573666666667 100.0 -9.941681648681703 -29.66033474771939 1.2000000000000028
34.404215 -89.57573666666667 100.0 -9.941681648681703 -29.66033474771939 1.2000000000000028
34.404215 -89.57573666666667 100.0 -9.941681648681703 -29.66033474771939 1.2000000000000028
34.404215 -89.57573666666667 100.0 -9.941681648681703 -29.66033474771939 1.2000000000000028
34.404215 -89.57573833333332 100.1 -10.094630595003464 -29.66033474771939 1.2999999999999972
34.40422 -89.57574166666667 100.1 -10.400528493484536 -29.104203471113934 1.2999999999999972
34.40422 -89.57574166666667 100.1 -10.400528493484536 -29.104203471113934 1.2999999999999972
34.40422 -89.57574166666667 100.1 -10.400528493484536 -29.104203471113934 1.2999999999999972
34.40422 -89.57574166666667 100.0 -10.400528493484536 -29.104203471113934 1.2000000000000028
34.40422 -89.57574166666667 100.0 -10.400528493484536 -29.104203471113934 1.2000000000000028
34.404223333333334 -89.57574333333332 100.1 -10.553477440973808 -28.733449286946268 1.2999999999999972
34.404223333333334 -89.57574333333332 100.1 -10.553477440973808 -28.733449286946268 1.2999999999999972
34.404223333333334 -89.57574333333332 100.1 -10.553477440973808 -28.733449286946268 1.2999999999999972
34.404223333333334 -89.57574333333332 100.1 -10.553477440973808 -28.733449286946268 1.2999999999999972
34.404221666666665 -89.57574333333332 100.1 -10.553477440973808 -28.91882637973761 1.2999999999999972
34.404221666666665 -89.57574166666667 100.2 -10.400528493484536 -28.91882637973761 1.4000000000000057
34.404221666666665 -89.57574333333332 100.2 -10.553477440973808 -28.91882637973761 1.4000000000000057
34.404221666666665 -89.57574166666667 100.2 -10.400528493484536 -28.91882637973761 1.4000000000000057
34.404221666666665 -89.57574166666667 100.2 -10.400528493484536 -28.91882637973761 1.4000000000000057
34.404221666666665 -89.57574333333332 100.2 -10.553477440973808 -28.91882637973761 1.4000000000000057
34.404223333333334 -89.57574333333332 99.9 -10.553477440973808 -28.733449286946268 1.1000000000000085
34.404223333333334 -89.57574333333332 99.8 -10.553477440973808 -28.733449286946268 1.0
34.404223333333334 -89.57574333333332 99.8 -10.553477440973808 -28.733449286946268 1.0
34.404223333333334 -89.57574333333332 99.8 -10.553477440973808 -28.733449286946268 1.0
34.404223333333334 -89.57574333333332 99.8 -10.553477440973808 -28.733449286946268 1.0
34.404223333333334 -89.57574333333332 99.7 -10.553477440973808 -28.733449286946268 0.9000000000000057
34.40448166666667 -89.57562833333334 98.8 0.0 0.0 0.0
34.40448166666667 -89.57562833333334 98.8 0.0 0.0 0.0
34.40448166666667 -89.57562833333334 98.8 0.0 0.0 0.0
34.40448166666667 -89.57562833333334 98.8 0.0 0.0 0.0
34.40448166666667 -89.57562833333334 98.8 0.0 0.0 0.0
34.40448166666667 -89.57562833333334 98.8 0.0 0.0 0.0
34.40448333333333 -89.57562666666666 98.8 0.15294894982431456 0.18537709137440325 0.0
34.40448333333333 -89.57562666666666 98.8 0.15294894982431456 0.18537709137440325 0.0
34.40448333333333 -89.57562666666666 98.8 0.15294894982431456 0.18537709137440325 0.0
34.40448333333333 -89.57562666666666 98.8 0.15294894982431456 0.18537709137440325 0.0
34.40448333333333 -89.57562666666666 98.8 0.15294894982431456 0.18537709137440325 0.0
34.404485 -89.575625 98.8 0.30589789731360906 0.3707541845176126 0.0
34.404485 -89.575625 98.8 0.30589789731360906 0.3707541845176126 0.0
34.404485 -89.575625 98.8 0.30589789731360906 0.3707541845176126 0.0
34.404485 -89.575625 98.8 0.30589789731360906 0.3707541845176126 0.0
34.404485 -89.575625 98.8 0.30589789731360906 0.3707541845176126 0.0
34.404485 -89.57562000000001 98.7 0.7647447409490026 0.3707541845176126 -0.09999999999999432
34.404485 -89.57562000000001 98.7 0.7647447409490026 0.3707541845176126 -0.09999999999999432
34.40448666666667 -89.57562000000001 98.6 0.7647447409490026 0.5561312765995386 -0.20000000000000284
34.40448666666667 -89.57562000000001 98.6 0.7647447409490026 0.5561312765995386 -0.20000000000000284
34.40448666666667 -89.57562000000001 98.6 0.7647447409490026 0.5561312765995386 -0.20000000000000284
34.40448666666667 -89.57562000000001 98.2 0.7647447409490026 0.5561312765995386 -0.5999999999999943
34.40448666666667 -89.57562000000001 98.2 0.7647447409490026 0.5561312765995386 -0.5999999999999943
34.40448666666667 -89.57562000000001 98.2 0.7647447409490026 0.5561312765995386 -0.5999999999999943
34.40448666666667 -89.57562000000001 98.1 0.7647447409490026 0.5561312765995386 -0.7000000000000028
34.40448666666667 -89.57562000000001 98.1 0.7647447409490026 0.5561312765995386 -0.7000000000000028
34.40441833333333 -89.57567333333333 97.7 -4.129621606728628 -7.044329503359742 -1.0999999999999943
34.40441833333333 -89.57567499999999 97.7 -4.282570554217919 -7.044329503359742 -1.0999999999999943
34.40441833333333 -89.57567499999999 97.7 -4.282570554217919 -7.044329503359742 -1.0999999999999943
34.40441833333333 -89.57567333333333 97.7 -4.129621606728628 -7.044329503359742 -1.0999999999999943
34.40441833333333 -89.57567333333333 97.7 -4.129621606728628 -7.044329503359742 -1.0999999999999943
34.40441333333333 -89.57567499999999 97.2 -4.282570554217919 -7.6004607796058865 -1.5999999999999943
34.40441333333333 -89.57567499999999 97.2 -4.282570554217919 -7.6004607796058865 -1.5999999999999943
34.40441333333333 -89.57567499999999 97.2 -4.282570554217919 -7.6004607796058865 -1.5999999999999943
34.40441333333333 -89.57567666666667 97.2 -4.4355195040422295 -7.6004607796058865 -1.5999999999999943
34.40441333333333 -89.57567666666667 97.2 -4.4355195040422295 -7.6004607796058865 -1.5999999999999943
34.40441333333333 -89.57567833333333 97.0 -4.58846845269903 -7.6004607796058865 -1.7999999999999972
34.40441333333333 -89.57567833333333 97.0 -4.58846845269903 -7.6004607796058865 -1.7999999999999972
34.40441333333333 -89.57567833333333 97.0 -4.58846845269903 -7.6004607796058865 -1.7999999999999972
34.40441333333333 -89.57567833333333 96.9 -4.58846845269903 -7.6004607796058865 -1.8999999999999915
34.40441333333333 -89.57567833333333 96.9 -4.58846845269903 -7.6004607796058865 -1.8999999999999915
34.40441166666667 -89.57567833333333 97.0 -4.58846845269903 -7.785837871687946 -1.7999999999999972
34.40441166666667 -89.57567833333333 97.0 -4.58846845269903 -7.785837871687946 -1.7999999999999972
34.40441166666667 -89.57567833333333 97.0 -4.58846845269903 -7.785837871687946 -1.7999999999999972
34.40441166666667 -89.57567833333333 97.0 -4.58846845269903 -7.785837871687946 -1.7999999999999972
34.40441166666667 -89.57567833333333 97.0 -4.58846845269903 -7.785837871687946 -1.7999999999999972
34.40441333333333 -89.57568 96.8 -4.74141740135583 -7.6004607796058865 -2.0
34.40441333333333 -89.57568 96.8 -4.74141740135583 -7.6004607796058865 -2.0
34.40441333333333 -89.57568 96.8 -4.74141740135583 -7.6004607796058865 -2.0
34.40441333333333 -89.57568 96.9 -4.74141740135583 -7.6004607796058865 -1.8999999999999915
34.40441333333333 -89.57568 96.9 -4.74141740135583 -7.6004607796058865 -1.8999999999999915
34.40441333333333 -89.57568333333332 97.2 -5.047315296334409 -7.6004607796058865 -1.5999999999999943
