   0
   1.56337500000000
   1.59270833333333
   0.83531250000000
   0.85722916666667
   0
  -0.33035416666667
  -0.31075000000000
  -0.39270833333333
  -0.36302083333333
   0
  -2.04256250000000
  -2.05066666666667
  -1.39429166666667
  -1.31772916666667
   0
  -2.04179166666667
  -2.04037500000000
  -1.39460416666667
  -1.32177083333333
   0
  -2.05027083333333
  -2.05525000000000
  -1.39891666666667
  -1.32820833333333
   0
  -2.05697916666667
  -2.06966666666667
  -1.40670833333333
  -1.34245833333333
   0
  -2.05497916666667
  -2.06743750000000
  -1.41243750000000
  -1.35466666666667
   0
  -2.05187500000000
  -2.06487500000000
  -1.41966666666667
  -1.36400000000000
   0
  -2.05556250000000
  -2.05656250000000
  -1.42575000000000
  -1.36777083333333
   0
  -2.05229166666667
  -2.05370833333333
  -1.42179166666667
  -1.36293750000000
   0
  -2.05720833333333
  -2.05358333333333
  -1.42227083333333
  -1.36118750000000
   0
  -2.05847916666667
  -2.04706250000000
  -1.42256250000000
  -1.36052083333333
   0
  -2.05004166666667
  -2.04010416666667
  -1.41264583333333
  -1.35183333333333
   0
  -2.04885416666667
  -2.05285416666667
  -1.39933333333333
  -1.34664583333333
   0
  -2.04566666666667
  -2.04443750000000
  -1.39206250000000
  -1.34479166666667
   0
  -2.04414583333333
  -2.05579166666667
  -1.38185416666667
  -1.33889583333333
   0
  -2.04327083333333
  -2.05316666666667
  -1.37431250000000
  -1.33343750000000
   0
  -0.32691666666667
  -0.31837500000000
  -0.31677083333333
  -0.34335416666667
   0
  -0.46764583333333
  -0.45443750000000
  -0.40622916666667
  -0.43177083333333
   0
  -0.30927083333333
  -0.30020833333333
  -0.26041666666667
  -0.28802083333333
   0
  -0.44110416666667
  -0.43450000000000
  -0.33250000000000
  -0.36183333333333
   0
  -0.37747916666667
  -0.37114583333333
  -0.27112500000000
  -0.32720833333333
   0
  -1.81122916666667
  -1.81570833333333
  -1.08716666666667
  -1.11072916666667